G,0.0408626560726,0.0515574650913,0.031067961165,0.0384959713518,0.0247747747748,0.058209774849,0.0623052959502,0.134888438134,0.00178571428571,0.00535236396075,0.000445235975067,0.000890471950134,0.00747252747253,0.000438981562774,0.000438788942519,0.0912681000439,0.867808519982,0.018453427065,0.0371991247265,0.0193406593407,0.0251346499102,0.0338904363974,0.0545103714424,0.147774208352,0.029263831733,0.00229252636405,0.0292343387471,0.0502283105023,0.388225934765,0.15838150289,0.0239651416122,0.0446280991736,0.151595744681,0.0279255319149,0.0142247510669,0.154696132597,0.0862409479921,0.191369606004,0.0938023450586,0.159090909091,0.037773359841,0.353290676417,0.0898825654923,0.0189594356261,0.0558441558442,0.0242424242424,0.0246007768666,0.01597582038,0.00688468158348,0.0357296599225,0.0434782608696,0.0236660929432,0.0,0.000430107526882,0.00215238915196,0.0460413080895,0.0888581952118,0.131447587354,0.80163413527,0.000465549348231,0.0,0.000429737859905,0.0,0.0,0.055817947617,0.939888364105,0.00901674538429,0.143041237113,0.0180800688765,0.0431893687708,0.0472065829363,0.0502622377622,0.123843102688,0.0643816581751,0.0618556701031,0.317353787152,0.106816961889,0.0107991360691,0.347445255474,0.143097643098,0.08,0.0322580645161,0.0324825986079,0.125264270613,0.0652288269332,0.0376850605653,0.0360094451004,0.0177752293578,0.0221347761928,0.0251831501832,0.0478781284004,0.0216972034716,0.0845130845131,0.012853470437,0.0676659528908,0.0,0.0196917808219,0.03125,0.0218415417559,0.0,0.0291220556745,0.0205479452055,0.00342465753425,0.842893835616,0.000428082191781,0.0415239726027,0.000855798031665,0.0487596236099,0.00598546387345,0.0,0.0247969217614,0.00940572894399,0.0,0.0363092695429,0.0,0.109354976506,0.0,0.00512601452371,0.0,0.0380341880342,0.0,0.0,0.00555555555556,0.90641025641,0.511747116617,0.00307152259763,0.149935924818,0.00854335753951,0.0,0.00687127805772,0.127301420305,0.0131322957198,0.0082680591819,0.00555318240068,0.0,0.0,0.0602564102564,0.0213675213675,0.0401709401709,0.00940170940171,0.000427533133818,0.00641299700727,0.0667236954662,0.019247219846,0.0402225074882,0.150909090909,0.0502017032721,0.0499772830532,0.0647376164787,0.0435967302452,0.167790893761,0.140771028037,0.152849740933,0.0215053763441,0.804909560724,0.130311614731,0.00854316546763,0.00699790062981,0.00325278810409,0.0220750551876,0.0553227158424,0.240614334471,0.0182012847966,0.010736196319,0.0408805031447,0.00486618004866,0.0576923076923,0.0723981900452,0.162519440124,0.133333333333,0.0225600784698,0.00462962962963,0.00521920668058,0.0287810383747,0.0109775222164,0.1143281366,0.25937183384,0.0313315926893,0.0696930946292,0.250544662309,0.010725010725,0.0193798449612,0.00332225913621,0.390537634409,0.0166880616175,0.391695205479,0.48053059478,0.0,0.00171159606333,0.004372540446,0.000855798031665,0.0,0.0021404109589,0.0579083837511,0.0964010282776,0.984147386461,0.0,0.000428449014567,0.00300042863266,0.98244111349,0.003426124197,0.000428449014567,0.296915167095,0.000856531049251,0.000428449014567,0.0,0.00557461406518,0.0264069264069,0.0238510762071,0.0856720827179,0.144381223329,0.737235915493,0.040825096691,0.00171453064724,0.000428632661809,0.0,0.00944206008584,0.398625429553,0.00128810648347,0.00472508591065,0.0382302405498,0.00300687285223,0.0146048109966,0.0257731958763,0.0288544358312,0.0141935483871,0.00343938091144,0.102365591398,0.0235294117647,0.0,0.145915246833,0.047619047619,0.0217821782178,0.0088809946714,0.402402402402,0.016501650165,0.0623732251521,0.0122123062471,0.00343473994112,0.0167076167076,0.0236760124611,0.0825035561878,0.0226654578422,0.00237079184448,0.00663821716453,0.0872451398767,0.0123281175913,0.0269792127377,0.00130208333333,0.0,0.0026075619296,0.0336206896552,0.0,0.0120898100173,0.0319754708717,0.0252501191043,0.0119047619048,0.224003664682,0.0723514211886,0.00258286698235,0.000860955660783,0.00129143349118,0.0,0.555555555556,0.0,0.00344679017665,0.026712623869,0.0271434726411,0.00861697544162,0.00905172413793,0.0250215703192,0.0907127429806,0.00224215246637,0.0358404846037,0.0511285122064,0.110486891386,0.0519862677783,0.0655737704918,0.127188465499,0.0268279852709,0.0439624853458,0.125636672326
P,0.139614074915,0.0537056928034,0.0553398058252,0.0456580125336,0.0487987987988,0.149368478858,0.131879543094,0.0552738336714,0.0558035714286,0.00178412132025,0.000445235975067,0.0,0.0646153846154,0.0,0.0693286529179,0.00307152259763,0.0114185331577,0.00834797891037,0.00612691466083,0.0167032967033,0.0341113105925,0.100278551532,0.0308731307284,0.013308857274,0.0082304526749,0.026593305823,0.00046403712297,0.0769732550554,0.0278440731901,0.0635838150289,0.132897603486,0.228099173554,0.0465425531915,0.0598404255319,0.0128022759602,0.121546961326,0.0987491770902,0.103814884303,0.0871021775544,0.113636363636,0.227634194831,0.0150822669104,0.0207768744354,0.139329805996,0.00649350649351,0.074025974026,0.0,0.594991364421,0.0,0.149806284976,0.00344382264313,0.0,0.0,0.0,0.000430477830392,0.00215146299484,0.580570902394,0.00998336106489,0.000907852927826,0.084729981378,0.0,0.0,0.0,0.000858737655646,0.00128810648347,0.0,0.012022327179,0.190721649485,0.217821782178,0.015662078785,0.00259852750108,0.0113636363636,0.0753635962979,0.0773506252895,0.00515463917526,0.0306807286673,0.0654857756307,0.0194384449244,0.16496350365,0.20987654321,0.124285714286,0.0109814687714,0.0730858468677,0.0380549682875,0.0205155181483,0.0165993719157,0.304604486423,0.345183486239,0.0354156419085,0.0251831501832,0.0854189336235,0.198649951784,0.0501930501931,0.00385604113111,0.0539614561028,0.108304794521,0.13227739726,0.017551369863,0.0,0.0,0.0017130620985,0.0201198630137,0.000856164383562,0.000428082191781,0.0,0.00385273972603,0.668806161746,0.00171086398631,0.000427533133818,0.0,0.00427533133818,0.0,0.0,0.0,0.00427167876976,0.0,0.0,0.00341734301581,0.0,0.0709401709402,0.0,0.0,0.00042735042735,0.0,0.00128150363093,0.000877577885037,0.0252029047416,0.00555318240068,0.0,0.501603298213,0.0,0.00291828793774,0.198868581375,0.0,0.0,0.00042735042735,0.00598290598291,0.0119658119658,0.0260683760684,0.0,0.00213766566909,0.0128259940145,0.0038494439692,0.0427715996578,0.0,0.0254545454545,0.231286418646,0.0590640617901,0.0828837665522,0.0699364214351,0.0876897133221,0.0280373831776,0.0129533678756,0.010752688172,0.0103359173127,0.0509915014164,0.00584532374101,0.00279916025192,0.00232342007435,0.00220750551876,0.0142497904443,0.0255972696246,0.107066381156,0.0567484662577,0.00393081761006,0.0474452554745,0.0576923076923,0.10407239819,0.0186625194401,0.015770609319,0.0941638057872,0.00154320987654,0.00156576200418,0.0914221218962,0.00261369576581,0.00890868596882,0.215805471125,0.00913838120104,0.00447570332481,0.0152505446623,0.018018018018,0.00172265288544,0.0213573801614,0.00602150537634,0.0231065468549,0.289383561644,0.0,0.0,0.000427899015832,0.0,0.0,0.00515463917526,0.152825342466,0.00172860847018,0.700085689803,0.0,0.0,0.000428449014567,0.534504929276,0.0,0.000428265524625,0.000428449014567,0.0,0.000856531049251,0.0,0.0,0.00600343053173,0.0038961038961,0.340314136126,0.0,0.0,0.0105633802817,0.232917920069,0.0,0.0,0.0,0.0210300429185,0.0,0.0,0.0,0.000429553264605,0.0309278350515,0.000429553264605,0.0223367697595,0.00818260120586,0.000860215053763,0.0,0.0047311827957,0.127668845316,0.936507936508,0.0253385757973,0.0142857142857,0.166831683168,0.770870337478,0.0660660660661,0.0049504950495,0.00760649087221,0.0122123062471,0.00343473994112,0.108108108108,0.0355140186916,0.00142247510669,0.00090661831369,0.00284495021337,0.00142247510669,0.00142247510669,0.0,0.000442282176028,0.0,0.0,0.000434593654933,0.00215517241379,0.0,0.000431778929188,0.00262812089356,0.000952834683182,0.0205627705628,0.0673385249656,0.0413436692506,0.00947051226862,0.000860955660783,0.0,0.271748492679,0.00387596899225,0.000861326442722,0.0,0.374407582938,0.0146488582508,0.00560103403705,0.0116379310345,0.0724762726488,0.0125269978402,0.0,0.242301867744,0.0276370336251,0.0210674157303,0.527709661599,0.0422255340288,0.0262615859938,0.0252498684903,0.0474794841735,0.025466893039
A,0.196367763905,0.229860365199,0.133009708738,0.140555058192,0.147897897898,0.0834706205382,0.102284527518,0.0709939148073,0.0464285714286,0.0151650312221,0.0178094390027,0.013357079252,0.154285714286,0.00351185250219,0.0166739798157,0.0960947784116,0.106719367589,0.0281195079086,0.0236323851204,0.0417582417582,0.150807899461,0.0176415970288,0.07332368548,0.0931620009179,0.0461819844536,0.0449335167354,0.0120649651972,0.123939986954,0.0278440731901,0.152601156069,0.0348583877996,0.0545454545455,0.3125,0.0212765957447,0.169274537696,0.0759668508287,0.0493745885451,0.0343964978111,0.113902847571,0.0829545454545,0.0511928429423,0.0511882998172,0.0709123757904,0.0268959435626,0.0402597402597,0.0532467532468,0.0500647388865,0.0423143350604,0.0684165232358,0.0331467929402,0.177787343952,0.0955249569707,0.0141996557659,0.0094623655914,0.00473525613431,0.0103270223752,0.0593922651934,0.0499168053245,0.0453926463913,0.0176908752328,0.0206274172755,0.00214868929953,0.0,0.0,0.0648346930013,0.0343495062258,0.0188922284242,0.134450171821,0.0830822212656,0.140484100617,0.201385881334,0.223776223776,0.118554429264,0.114867994442,0.0309278350515,0.14573346117,0.0499194847021,0.0313174946004,0.0720194647202,0.124579124579,0.127857142857,0.0549073438572,0.146751740139,0.0729386892178,0.20410310363,0.019291161956,0.0814639905549,0.055619266055,0.047220855878,0.0558608058608,0.0843307943417,0.0655737704918,0.039039039039,0.0145672664953,0.0552462526767,0.0680650684932,0.122431506849,0.228595890411,0.189293361884,0.0,0.283083511777,0.225599315068,0.0916095890411,0.00513698630137,0.0089897260274,0.0967465753425,0.0577663671374,0.13130881095,0.0183839247542,0.0025641025641,0.0171013253527,0.132535271484,0.00982486117044,0.0939769329346,0.052541648868,0.000427167876976,0.0,0.0247757368646,0.0,0.0504273504274,0.0,0.0,0.523504273504,0.0435897435897,0.0713370354549,0.11496270294,0.0939769329346,0.0820162323793,0.00128150363093,0.057260650481,0.0178853235139,0.773346303502,0.00522193211488,0.00213583938488,0.00469884664673,0.0405982905983,0.0192307692308,0.117094017094,0.231623931624,0.0423076923077,0.0209491235571,0.137238135956,0.266467065868,0.664242942686,0.0316645271716,0.127727272727,0.0856118332586,0.108587005906,0.259440902403,0.0345140781108,0.0767284991568,0.0817757009346,0.0647668393782,0.227598566308,0.046511627907,0.481586402266,0.044964028777,0.0286913925822,0.0111524163569,0.182671081678,0.0804694048617,0.0477815699659,0.0203426124197,0.161809815951,0.0479559748428,0.0206812652068,0.0480769230769,0.114027149321,0.0824261275272,0.0308243727599,0.0235409514468,0.00874485596708,0.0167014613779,0.0575620767494,0.0188186095139,0.0475129918337,0.0314083080041,0.0195822454308,0.0262148337596,0.0239651416122,0.013299013299,0.0391903531438,0.015662078785,0.0137634408602,0.185708172871,0.0145547945205,0.0231065468549,0.00427899015832,0.00770218228498,0.104503716659,0.00299529311083,0.00515463917526,0.0462328767123,0.0587726879862,0.0209940017138,0.00171379605827,0.0,0.146101113967,0.0951564509216,0.00471092077088,0.000856531049251,0.0329905741217,0.117395029991,0.0706638115632,0.0535561268209,0.0145735105015,0.01243567753,0.0229437229437,0.118673647469,0.0147710487445,0.0462304409673,0.0180457746479,0.0666093682853,0.0162880411487,0.00642948992713,0.00214408233276,0.387982832618,0.120704467354,0.0,0.579896907216,0.246993127148,0.00644329896907,0.0292096219931,0.111254295533,0.0947459086994,0.0503225806452,0.0163370593293,0.0529032258065,0.0457516339869,0.0,0.0637833114897,0.10619047619,0.089603960396,0.059946714032,0.0710710710711,0.216171617162,0.107505070994,0.0892437764209,0.0053974484789,0.0874692874693,0.139563862928,0.200094831674,0.233907524932,0.0697012802276,0.211000474158,0.0663821716453,0.0213371266003,0.100840336134,0.0316840277778,0.00608166811468,0.0564971751412,0.160344827586,0.0121686223381,0.415803108808,0.113885238721,0.0890900428776,0.0211038961039,0.0187814933578,0.520241171404,0.0206629358588,0.0146362462333,0.00172191132157,0.041774332472,0.0529715762274,0.0,0.00775527789746,0.123222748815,0.13657906075,0.0749676863421,0.0620689655172,0.15142364107,0.0937365010799,0.012331838565,0.0560323069157,0.106863196684,0.26170411985,0.048553212359,0.125683060109,0.0983522142122,0.061546554445,0.0492379835873,0.0696095076401
V,0.0783200908059,0.0665950590763,0.021359223301,0.129811996419,0.0262762762763,0.0186710598572,0.0680166147456,0.162271805274,0.105357142857,0.00401427297056,0.212822796082,0.00623330365093,0.216263736264,0.0741878841089,0.010969723563,0.0539710399298,0.00131752305665,0.0237258347979,0.11466083151,0.0558241758242,0.139138240575,0.00882079851439,0.0414857694163,0.0215695273061,0.0365797896662,0.152682255846,0.0914153132251,0.0071754729289,0.0103420843278,0.042774566474,0.0522875816993,0.0446280991736,0.0332446808511,0.0226063829787,0.0896159317212,0.0207182320442,0.0184331797235,0.0206378986867,0.0435510887772,0.0198863636364,0.0750497017893,0.0150822669104,0.0442637759711,0.0167548500882,0.158874458874,0.0177489177489,0.0794130340958,0.125647668394,0.361445783133,0.0116229014206,0.105036590616,0.142857142857,0.156196213425,0.125591397849,0.0245372363323,0.000860585197935,0.00276243093923,0.0199667221298,0.00181570585565,0.0679702048417,0.262999570262,0.0790717662226,0.218213058419,0.0,0.036496350365,0.0,0.0433662516101,0.00730240549828,0.0477830391735,0.00949216896061,0.0974447812906,0.155157342657,0.0163067430586,0.0338119499768,0.0154639175258,0.0182166826462,0.0638754696726,0.0269978401728,0.0262773722628,0.00953984287318,0.05,0.129032258065,0.0632250580046,0.0142706131078,0.162546028406,0.052041274114,0.0442739079103,0.115252293578,0.102803738318,0.0897435897436,0.0299238302503,0.0554484088717,0.017589017589,0.0235646958012,0.00985010706638,0.129280821918,0.189640410959,0.013698630137,0.0141327623126,0.0419700214133,0.00256959314775,0.00684931506849,0.0903253424658,0.0,0.217893835616,0.00984589041096,0.0338040222507,0.000855431993157,0.000427533133818,0.352991452991,0.000855066267636,0.063274903805,0.612131567706,0.355830841521,0.114053823152,0.0,0.0,0.00299017513883,0.0,0.0205128205128,0.0,0.0,0.0846153846154,0.0,0.000427167876976,0.103115401492,0.00512601452371,0.0128150363093,0.0448526270824,0.0146587265231,0.000526038926881,0.0131322957198,0.0208877284595,0.187526697992,0.136266552755,0.596581196581,0.0,0.000854700854701,0.0141025641026,0.0017094017094,0.0307823856349,0.00299273193673,0.0196749358426,0.051753635586,0.0149764655541,0.0109090909091,0.012550425818,0.0958655156747,0.0210887690044,0.0145322434151,0.0303541315346,0.0695093457944,0.0518134715026,0.0197132616487,0.0077519379845,0.240793201133,0.0364208633094,0.0909727081875,0.021375464684,0.00993377483444,0.0670578373847,0.0494880546075,0.238758029979,0.013036809816,0.0463836477987,0.0523114355231,0.0987762237762,0.014479638009,0.0147744945568,0.0172043010753,0.0225600784698,0.194958847737,0.0657620041754,0.0767494356659,0.182435964454,0.0170749814402,0.00405268490375,0.0926892950392,0.0696930946292,0.0117647058824,0.016302016302,0.236003445306,0.0109159943047,0.0877419354839,0.0919982884039,0.000428082191781,0.0171159606333,0.442447582371,0.126658108686,0.139046786183,0.206247325631,0.00515463917526,0.00684931506849,0.0471045808124,0.0115681233933,0.0,0.0,0.0261353898886,0.0244320617231,0.0,0.017130620985,0.0385604113111,0.0968294772922,0.214132762313,0.0625535561268,0.603086155165,0.00643224699828,0.012987012987,0.00698080279232,0.0147710487445,0.000711237553343,0.0044014084507,0.0159003008165,0.388341191599,0.195885126447,0.0188679245283,0.0407725321888,0.0227663230241,0.0,0.069587628866,0.181271477663,0.00300687285223,0.113402061856,0.0189003436426,0.00516795865633,0.0094623655914,0.0343938091144,0.0124731182796,0.00697167755991,0.0,0.0384447356924,0.157142857143,0.188613861386,0.00710479573712,0.018018018018,0.0544554455446,0.155679513185,0.103334899014,0.00637880274779,0.0810810810811,0.115887850467,0.00853485064011,0.0244786944696,0.114272166904,0.00521574205785,0.00284495021337,0.162636320531,0.0101724900487,0.00868055555556,0.127280625543,0.0143415906128,0.00775862068966,0.0651890482399,0.0837651122625,0.00876040297854,0.0138161029061,0.0140692640693,0.0183234081539,0.0710594315245,0.0430477830392,0.43994834266,0.24192854068,0.0353143841516,0.00129198966408,0.0,0.00387763894873,0.0180956484274,0.0344679017665,0.154674709177,0.0439655172414,0.0107851596204,0.0185745140389,0.0201793721973,0.0196870267542,0.0635651773376,0.0379213483146,0.0470819028936,0.050173869846,0.0375901132853,0.026301946344,0.0392731535756,0.0373514431239
L,0.044267877412,0.0504833512352,0.0291262135922,0.0438675022381,0.0195195195195,0.0340472267985,0.0103842159917,0.00557809330629,0.0816964285714,0.00535236396075,0.473285841496,0.0124666073019,0.144615384615,0.597453906936,0.0451952610794,0.0851250548486,0.00131752305665,0.0298769771529,0.262144420131,0.0272527472527,0.106373429084,0.0213556174559,0.0520984081042,0.0692978430473,0.0763603109282,0.224209078404,0.173549883991,0.0456621004566,0.00556881463803,0.0242774566474,0.0806100217865,0.15041322314,0.0119680851064,0.11835106383,0.125177809388,0.0455801104972,0.0572745227123,0.0450281425891,0.0865438302624,0.0107954545455,0.0258449304175,0.0310786106033,0.0198735320687,0.0749559082892,0.0904761904762,0.0138528138528,0.315062580924,0.00993091537133,0.0352839931153,0.0787774429617,0.00301334481274,0.0774526678141,0.776247848537,0.177204301075,0.00860955660783,0.00688468158348,0.000460405156538,0.00166389351082,0.00317748524739,0.228584729981,0.123764503653,0.836269875376,0.0128865979381,0.0,0.014598540146,0.00128810648347,0.156290253328,0.0090206185567,0.0413258717176,0.0128144280968,0.0831528800346,0.0917832167832,0.0193918025562,0.0338119499768,0.0,0.0776605944391,0.061191626409,0.119870410367,0.014598540146,0.0179573512907,0.0692857142857,0.23472889499,0.0336426914153,0.041754756871,0.119410836402,0.0605652759085,0.0755608028335,0.0682339449541,0.0255779636006,0.139652014652,0.0130576713819,0.046287367406,0.047619047619,0.0321336760925,0.0218415417559,0.404965753425,0.0539383561644,0.00299657534247,0.0192719486081,0.807280513919,0.0188436830835,0.0470890410959,0.425085616438,0.0,0.235873287671,0.00385273972603,0.0577663671374,0.0106928999145,0.000855066267636,0.0722222222222,0.0389055151774,0.0645575032065,0.0939769329346,0.0662110209312,0.289619820589,0.0,0.0,0.668944895344,0.0,0.281196581197,0.0,0.0,0.0102564102564,0.00128205128205,0.000427167876976,0.487494515138,0.00469884664673,0.222127296027,0.0854335753951,0.0384791571232,0.0,0.00583657587549,0.00609225413403,0.126014523708,0.165741136267,0.0717948717949,0.0213675213675,0.00641025641026,0.0264957264957,0.000854700854701,0.321932449765,0.0072680632749,0.0269461077844,0.0295124037639,0.103123662816,0.00863636363636,0.0416853428956,0.0322580645161,0.0318783717509,0.0445049954587,0.0944350758853,0.0858644859813,0.142487046632,0.0161290322581,0.0167958656331,0.0368271954674,0.068345323741,0.329601119664,0.07156133829,0.091059602649,0.0251466890193,0.00511945392491,0.268736616702,0.0322085889571,0.174528301887,0.0900243309002,0.175699300699,0.0515837104072,0.0147744945568,0.406451612903,0.00686611083865,0.0606995884774,0.0386221294363,0.190180586907,0.211709357031,0.018559762435,0.0202634245187,0.0913838120104,0.00703324808184,0.0300653594771,0.001287001287,0.319121447028,0.031798766018,0.192688172043,0.0616174582798,0.00128424657534,0.00941377834831,0.19298245614,0.066324347454,0.39352864014,0.305091998288,0.0721649484536,0.0530821917808,0.227744165946,0.00599828620394,0.0,0.0,0.000856898029135,0.0162880411487,0.000428265524625,0.220556745182,0.144815766924,0.00471293916024,0.452248394004,0.307626392459,0.123874839263,0.00771869639794,0.554545454545,0.0110529377545,0.0,0.0170697012802,0.00484154929577,0.0077352814783,0.143591941706,0.408915559366,0.695111492281,0.00901287553648,0.00257731958763,0.0,0.088058419244,0.0339347079038,0.00343642611684,0.164948453608,0.0438144329897,0.0116279069767,0.0159139784946,0.204213241617,0.0240860215054,0.0649237472767,0.0,0.0532983835736,0.0580952380952,0.147524752475,0.0115452930728,0.138638638639,0.13201320132,0.137423935091,0.0248943165806,0.00736015701668,0.0746928746929,0.0654205607477,0.110004741584,0.0339981867634,0.336652441916,0.0165955429113,0.0,0.200094831674,0.0061919504644,0.0321180555556,0.483058210252,0.0352020860495,0.0202586206897,0.535853976532,0.0604490500864,0.0175208059571,0.0495474035255,0.0579004329004,0.00687127805772,0.0331610680448,0.071459319845,0.226431338786,0.111063280241,0.0555555555556,0.00430663221361,0.000430663221361,0.000430848772081,0.0456699698406,0.0495476087893,0.0262817750969,0.0879310344828,0.0284728213978,0.044060475162,0.516816143498,0.0196870267542,0.0732381391064,0.0543071161049,0.0230505149583,0.0213611525087,0.0195674562307,0.104155707522,0.0222743259086,0.0203735144312
I,0.044267877412,0.0343716433942,0.0184466019417,0.0743061772605,0.048048048048,0.00933552992861,0.0176531671859,0.0522312373225,0.118303571429,0.00178412132025,0.150934995548,0.0129118432769,0.112967032967,0.113696224759,0.000438788942519,0.0070206230803,0.00570926657883,0.02460456942,0.105032822757,0.0232967032967,0.0587971274686,0.0102135561746,0.00578871201158,0.0344194584672,0.0708733424783,0.165061898212,0.0993039443155,0.0104370515329,0.00159108989658,0.0184971098266,0.0305010893246,0.0942148760331,0.0,0.00398936170213,0.0825035561878,0.00276243093923,0.0164581961817,0.0125078173859,0.0167504187605,0.00625,0.0109343936382,0.0091407678245,0.00948509485095,0.0260141093474,0.153246753247,0.0103896103896,0.163573586534,0.0254749568221,0.15017211704,0.0512268618166,0.0262591476539,0.0344234079174,0.0245266781411,0.665376344086,0.00559621179509,0.00172117039587,0.000920810313076,0.0166389351082,0.000453926463913,0.0228119180633,0.462397937258,0.0459819510099,0.142182130584,0.0,0.000858737655646,0.0,0.0708458565908,0.00214776632302,0.0142057684029,0.00806834361652,0.0433087916847,0.0777972027972,0.0343763772587,0.0106530801297,0.0,0.000958772770853,0.0112721417069,0.00863930885529,0.0189781021898,0.0129068462402,0.0507142857143,0.0370624571036,0.0133410672854,0.0110993657505,0.101525512888,0.0816509645581,0.0177095631641,0.0636467889908,0.0600098376783,0.0709706959707,0.012513601741,0.00144648023144,0.012012012012,0.0171379605827,0.003426124197,0.210616438356,0.0706335616438,0.00256849315068,0.0419700214133,0.134475374732,0.00471092077088,0.00256849315068,0.169092465753,0.0,0.184931506849,0.00171232876712,0.100556268721,0.0,0.0,0.555982905983,0.00128259940145,0.0384779820436,0.23451516446,0.371208885092,0.182827851346,0.000427167876976,0.0,0.00939769329346,0.0,0.034188034188,0.0,0.0,0.109829059829,0.00042735042735,0.0,0.0873189995612,0.00128150363093,0.00683468603161,0.0106791969244,0.0155748969308,0.0,0.00145914396887,0.00913838120104,0.375053395985,0.249038872277,0.138461538462,0.0,0.00042735042735,0.0132478632479,0.00042735042735,0.0431808465156,0.00213766566909,0.00427715996578,0.0564585115483,0.0136927685066,0.000454545454545,0.015239802779,0.0131758291686,0.0161844041197,0.0299727520436,0.0278246205734,0.0216121495327,0.0310880829016,0.00179211469534,0.0439276485788,0.0,0.0166366906475,0.190342897131,0.0520446096654,0.0573951434879,0.00419111483655,0.186006825939,0.0695931477516,0.00230061349693,0.0400943396226,0.156934306569,0.0174825174825,0.00542986425339,0.00388802488336,0.04229390681,0.0122609122119,0.0519547325103,0.0433194154489,0.117381489842,0.228437009932,0.00371195248701,0.00506585612969,0.0757180156658,0.00191815856777,0.00435729847495,0.002145002145,0.0645994832041,0.0047460844803,0.0855913978495,0.0111253744116,0.0,0.00385109114249,0.316645271716,0.0564826700899,0.189768255356,0.205819426615,0.180412371134,0.000856164383562,0.0496974935177,0.00385604113111,0.0,0.000428449014567,0.00171379605827,0.0214316330904,0.0,0.00471092077088,0.0895458440446,0.0556983718937,0.0543897216274,0.0385604113111,0.229318474068,0.000428816466552,0.00519480519481,0.00290866783013,0.00147710487445,0.00213371266003,0.00044014084507,0.00902449505801,0.152593227604,0.260180025718,0.0583190394511,0.0356223175966,0.0906357388316,0.0,0.0107388316151,0.100945017182,0.00816151202749,0.0274914089347,0.0382302405498,0.00344530577089,0.00774193548387,0.0799656061909,0.00817204301075,0.00261437908497,0.010582010582,0.0205329838357,0.136666666667,0.0712871287129,0.00532859680284,0.03003003003,0.29702970297,0.0709939148073,0.0192578675434,0.0,0.0216216216216,0.0492211838006,0.00521574205785,0.00725294650952,0.0697012802276,0.00331910858227,0.0,0.211000474158,0.00486510393631,0.00998263888889,0.277150304083,0.00956106040852,0.00560344827586,0.169056931769,0.0151122625216,0.0144546649146,0.0157217722725,0.00541125541126,0.00366468163078,0.0594315245478,0.0641411967284,0.246233318984,0.293585880327,0.127906976744,0.0,0.0,0.000430848772081,0.052994398966,0.0206807410599,0.0284360189573,0.0521551724138,0.00431406384814,0.00950323974082,0.0908071748879,0.0459363957597,0.0142791340396,0.0177902621723,0.0166748406081,0.019870839543,0.0133882595263,0.0694371383482,0.0169988276671,0.018675721562
M,0.139614074915,0.0719656283566,0.1,0.0940017905103,0.187687687688,0.290499725426,0.0664589823468,0.0304259634888,0.151339285714,0.00223015165031,0.093054318789,0.00623330365093,0.0624175824176,0.062335381914,0.0,0.00307152259763,0.000878348704436,0.00834797891037,0.143107221007,0.0531868131868,0.108617594255,0.00139275766017,0.0188133140376,0.0114731528224,0.0164609053498,0.121503897295,0.0357308584687,0.00391389432485,0.0811455847255,0.00346820809249,0.0610021786492,0.0842975206612,0.00797872340426,0.00797872340426,0.0213371266003,0.017955801105,0.0803159973667,0.0100062539087,0.00446677833613,0.00454545454545,0.00795228628231,0.0018281535649,0.00361336946703,0.0489417989418,0.0965367965368,0.0034632034632,0.0984031074666,0.00906735751295,0.052925989673,0.0163581575549,0.0163581575549,0.00430292598967,0.00215146299484,0.0094623655914,0.00430477830392,0.00172117039587,0.0,0.0,0.00181570585565,0.000931098696462,0.0382466695316,0.0343790287924,0.00171821305842,0.0,0.000858737655646,0.000429368827823,0.0781451266638,0.00085910652921,0.00774860094705,0.0118652112008,0.016890428757,0.0712412587413,0.0096959012781,0.0352014821677,0.0,0.00287631831256,0.00214707461084,0.0113390928726,0.0029197080292,0.00617283950617,0.0221428571429,0.0295126973233,0.0127610208817,0.0142706131078,0.0462914255655,0.0574248541947,0.00590318772137,0.0103211009174,0.00491883915396,0.194139194139,0.0038084874864,0.00964320154291,0.002574002574,0.0325621251071,0.00471092077088,0.0115582191781,0.00385273972603,0.00128424657534,0.00128479657388,0.00556745182013,0.00214132762313,0.00556506849315,0.0256849315068,0.0,0.0145547945205,0.00342465753425,0.00299529311083,0.000427715996578,0.00213766566909,0.00128205128205,0.0,0.0230867892262,0.0290474156343,0.00299017513883,0.0730457069628,0.0,0.0,0.0563861597608,0.0,0.0123931623932,0.0,0.0,0.00384615384615,0.0,0.000427167876976,0.0241333918385,0.00341734301581,0.0653566851773,0.00683468603161,0.00641319285387,0.000526038926881,0.0,0.0191470844212,0.0136693720632,0.0140965399402,0.0376068376068,0.00897435897436,0.0,0.00128205128205,0.0,0.0688328345447,0.00513039760581,0.00256629597947,0.0307955517536,0.0389388104407,0.00227272727273,0.00896458987001,0.0077237619264,0.0887690044139,0.0136239782016,0.0252951096121,0.0122663551402,0.00777202072539,0.0358422939068,0.0,0.0,0.017535971223,0.0419874037789,0.00511152416357,0.0347682119205,0.00838222967309,0.00341296928328,0.0267665952891,0.0122699386503,0.0165094339623,0.029197080292,0.00174825174825,0.00995475113122,0.0054432348367,0.0193548387097,0.000490436488475,0.0154320987654,0.00678496868476,0.0124153498871,0.0141139571354,0.00742390497402,0.00303951367781,0.00261096605744,0.00191815856777,0.0100217864924,0.001287001287,0.0150732127476,0.00616990982439,0.00387096774194,0.0171159606333,0.0,0.0,0.0124090714591,0.0188275566966,0.0660253607346,0.0136927685066,0.0,0.00556506849315,0.0579083837511,0.0,0.0,0.0,0.00428449014567,0.00514359194171,0.0,0.0843683083512,0.0985432733505,0.00814053127678,0.11391862955,0.0492716366752,0.00128589798543,0.00428816466552,0.0588744588745,0.00116346713205,0.0,0.0156472261735,0.0,0.00214868929953,0.0484354907844,0.0158594084869,0.00471698113208,0.00600858369099,0.00128865979381,0.000429368827823,0.0120274914089,0.0115979381443,0.00644329896907,0.0283505154639,0.0197594501718,0.00258397932817,0.00645161290323,0.0507308684437,0.00387096774194,0.00610021786492,0.0,0.039755351682,0.00619047619048,0.010396039604,0.0222024866785,0.00650650650651,0.0528052805281,0.0496957403651,0.00610615312353,0.000490677134446,0.0108108108108,0.011214953271,0.0203888098625,0.104714415231,0.0365101944049,0.00426742532006,0.00142247510669,0.147463252726,0.00486510393631,0.04296875,0.0338835794961,0.019556714472,0.0176724137931,0.0373750543242,0.013816925734,0.0140166447657,0.00809909480705,0.004329004329,0.000916170407696,0.00387596899225,0.0202324580284,0.0327163151098,0.0154972018941,0.00387596899225,0.0021533161068,0.000430663221361,0.000430848772081,0.0473933649289,0.00603188280913,0.00646273158121,0.0206896551724,0.00949094046592,0.00863930885529,0.0414798206278,0.0010095911156,0.027176416398,0.00421348314607,0.00490436488475,0.0019870839543,0.00617919670443,0.00683850604945,0.00468933177022,0.00509337860781
C,0.00340522133939,0.00429645542427,0.00194174757282,0.00626678603402,0.0975975975976,0.00384404173531,0.00155763239875,0.00608519269777,0.003125,0.000446030330062,0.000445235975067,0.000890471950134,0.00659340659341,0.00395083406497,0.00614304519526,0.222027204914,0.000439174352218,0.00659050966608,0.102407002188,0.0272527472527,0.119389587074,0.0143918291551,0.013024602026,0.00688389169344,0.00182898948331,0.00229252636405,0.00092807424594,0.000652315720809,0.00238663484487,0.00578034682081,0.0,0.00165289256198,0.00797872340426,0.00398936170213,0.0,0.0,0.00263331138907,0.00187617260788,0.00502512562814,0.00113636363636,0.00248508946322,0.0018281535649,0.000903342366757,0.000440917107584,0.0103896103896,0.00735930735931,0.019853258524,0.00215889464594,0.0421686746988,0.0245372363323,0.277658200603,0.0025817555938,0.0025817555938,0.000860215053763,0.000430477830392,0.00301204819277,0.000460405156538,0.0,0.0,0.00651769087523,0.0,0.000429737859905,0.000429553264605,0.0,0.0167453842851,0.00128810648347,0.189781021898,0.00816151202749,0.000860955660783,0.0104413858567,0.0372455608489,0.00568181818182,0.00264433671221,0.000926354793886,0.0,0.0,0.00107353730542,0.00647948164147,0.000486618004866,0.00224466891134,0.0,0.000686341798216,0.0249419953596,0.0,0.0147290899527,0.00134589502019,0.00295159386068,0.00745412844037,0.00491883915396,0.00961538461538,0.000544069640914,0.00144648023144,0.003003003003,0.0518423307626,0.0256959314775,0.0547945205479,0.0021404109589,0.000428082191781,0.0017130620985,0.00256959314775,0.0,0.00642123287671,0.0111301369863,0.000856164383562,0.00256849315068,0.00128424657534,0.00556268720582,0.000855431993157,0.0,0.0,0.000427533133818,0.0102607952116,0.00256300726185,0.000854335753951,0.0474156343443,0.000427167876976,0.000854335753951,0.0017086715079,0.0,0.0192307692308,0.0,0.0,0.0688034188034,0.0017094017094,0.0914139256728,0.00833698990785,0.0320375907732,0.00512601452371,0.00299017513883,0.0174072377462,0.000526038926881,0.00291828793774,0.00304612706701,0.0017086715079,0.000854335753951,0.0709401709402,0.0,0.00128205128205,0.0042735042735,0.0,0.000427533133818,0.000855066267636,0.00171086398631,0.00855431993157,0.0415062045357,0.00318181818182,0.0192738682205,0.0572467060427,0.000980872976949,0.125340599455,0.000843170320405,0.00934579439252,0.0,0.0,0.0,0.0014164305949,0.0184352517986,0.0258922323303,0.0543680297398,0.0,0.00335289186924,0.00682593856655,0.0,0.00230061349693,0.00393081761006,0.00243309002433,0.0,0.0,0.000777604976672,0.00215053763441,0.0,0.00154320987654,0.00521920668058,0.00338600451467,0.00313643491898,0.000742390497402,0.00101317122594,0.00391644908616,0.0,0.00871459694989,0.000858000858001,0.00301464254953,0.0,0.000430107526882,0.0376551133932,0.0,0.000427899015832,0.00256739409499,0.00256739409499,0.026235242676,0.000855798031665,0.0,0.0107020547945,0.0302506482282,0.000856898029135,0.000428449014567,0.0,0.00342759211654,0.00257179597085,0.000428265524625,0.003426124197,0.0625535561268,0.0149957155099,0.00128479657388,0.0025706940874,0.00128589798543,0.00214408233276,0.0004329004329,0.0,0.0,0.00284495021337,0.00132042253521,0.00429737859905,0.000428632661809,0.020145735105,0.00428816466552,0.0622317596567,0.00171821305842,0.0,0.0214776632302,0.0996563573883,0.00085910652921,0.00644329896907,0.00687285223368,0.000430663221361,0.0047311827957,0.00128976784179,0.000860215053763,0.00653594771242,0.0,0.00262123197903,0.0366666666667,0.00247524752475,0.00577264653641,0.0,0.003300330033,0.012677484787,0.00422733677783,0.000981354268891,0.0004914004914,0.0,0.0,0.00317316409791,0.00189663347558,0.0,0.0,0.00237079184448,0.00176912870411,0.000868055555556,0.00608166811468,0.00173837461973,0.0,0.00173837461973,0.00820379965458,0.00262812089356,0.00190566936636,0.00270562770563,0.0279431974347,0.00732127476314,0.00258286698235,0.000860955660783,0.00990099009901,0.0615848406546,0.00818260120586,0.0,0.0663507109005,0.000861697544162,0.0,0.00258509263249,0.00344827586207,0.0,0.00345572354212,0.00224215246637,0.00302877334679,0.00276370336251,0.00280898876404,0.00147130946542,0.00298062593145,0.0149330587024,0.00946870068385,0.00234466588511,0.00848896434635
F,0.0124858115778,0.00966702470462,0.0669902912621,0.000895255147717,0.00600600600601,0.00274574409665,0.00571131879543,0.00354969574037,0.00848214285714,0.000892060660125,0.0325022261799,0.0489759572573,0.087032967033,0.122475856014,0.000877577885037,0.0162351908732,0.0,0.0210896309315,0.0415754923414,0.0105494505495,0.0210951526032,0.00557103064067,0.00627110467921,0.00871959614502,0.148605395519,0.0747363594681,0.195823665893,0.00848010437052,0.00477326968974,0.0323699421965,0.0108932461874,0.0330578512397,0.0146276595745,0.0398936170213,0.0099573257468,0.00552486187845,0.0125082290981,0.0519074421513,0.0117252931323,0.0460227272727,0.0044731610338,0.00959780621572,0.0108401084011,0.0515873015873,0.0255411255411,0.0034632034632,0.191195511437,0.00431778929188,0.0357142857143,0.0792079207921,0.0804993542833,0.148020654045,0.013339070568,0.00688172043011,0.000860955660783,0.0,0.0,0.00998336106489,0.000453926463913,0.00139664804469,0.0532874946283,0.000859475719811,0.307130584192,0.0,0.000429368827823,0.0,0.130957492486,0.00257731958763,0.0051657339647,0.00284765068818,0.0688609787787,0.0253496503497,0.00617011899515,0.0,0.0154639175258,0.0354745925216,0.0161030595813,0.121490280778,0.00583941605839,0.020202020202,0.0228571428571,0.0857927247769,0.046403712297,0.041754756871,0.0715412940558,0.305966801256,0.00826446280992,0.0372706422018,0.021151008362,0.110347985348,0.00870511425462,0.00385728061716,0.004719004719,0.00171379605827,0.00556745182013,0.00684931506849,0.0021404109589,0.000856164383562,0.000428265524625,0.00728051391863,0.000428265524625,0.00128424657534,0.021404109589,0.0,0.0676369863014,0.000428082191781,0.00599058622165,0.0,0.0,0.0141025641026,0.0,0.063274903805,0.0136693720632,0.0576676633917,0.0324647586501,0.0,0.0,0.0952584365656,0.0,0.253418803419,0.0,0.0,0.00042735042735,0.00299145299145,0.00128150363093,0.00219394471259,0.00469884664673,0.0538231524989,0.825715506194,0.0132844709116,0.00157811678064,0.0,0.000435161009574,0.123024348569,0.0486971379752,0.0042735042735,0.0192307692308,0.00128205128205,0.00128205128205,0.0,0.0983326207781,0.00128259940145,0.127031650984,0.0196749358426,0.178861788618,0.00954545454545,0.015239802779,0.0131758291686,0.0107896027464,0.0372388737511,0.0202360876897,0.0730140186916,0.050518134715,0.0,0.0,0.0184135977337,0.136690647482,0.0132960111966,0.327137546468,0.00275938189845,0.000838222967309,0.0102389078498,0.00856531049251,0.00153374233129,0.0314465408805,0.014598540146,0.0104895104895,0.0343891402715,0.00311041990669,0.010752688172,0.0,0.0637860082305,0.00469728601253,0.0981941309255,0.152639832723,0.0653303637713,0.00202634245187,0.325065274151,0.0134271099744,0.0727668845316,0.013299013299,0.0426356589147,0.382059800664,0.0133333333333,0.0718870346598,0.000428082191781,0.0012836970475,0.0252460419341,0.0162601626016,0.0406646261478,0.0372272143774,0.00515463917526,0.11772260274,0.0220397579948,0.00814053127678,0.0,0.0,0.000856898029135,0.0124303471925,0.0,0.00256959314775,0.0145672664953,0.00428449014567,0.0526766595289,0.0775492716367,0.0218602657523,0.00257289879931,0.0134199134199,0.000581733566027,0.0,0.00426742532006,0.0,0.0128921357972,0.117016716674,0.0801543077583,0.150943396226,0.00128755364807,0.00687285223368,0.00128810648347,0.00429553264605,0.0618556701031,0.039089347079,0.135738831615,0.00472508591065,0.00301464254953,0.00301075268817,0.163370593293,0.0094623655914,0.00610021786492,0.0,0.0087374399301,0.00761904761905,0.114356435644,0.00976909413854,0.0155155155155,0.023102310231,0.025354969574,0.0920620009394,0.000490677134446,0.00589680589681,0.00311526479751,0.0,0.0353581142339,0.0526315789474,0.00284495021337,0.00142247510669,0.0772878141299,0.000884564352057,0.0151909722222,0.0612510860122,0.00217296827466,0.00474137931034,0.0691003911343,0.00604490500864,0.00131406044678,0.00714626012387,0.0416666666667,0.00183234081539,0.00172265288544,0.0241067585019,0.0202324580284,0.133878605252,0.238156761413,0.00430663221361,0.0,0.00172339508832,0.010771219302,0.00430848772081,0.0667815596726,0.260344827586,0.00819672131148,0.00475161987041,0.146860986547,0.00757193336699,0.0170428374021,0.142322097378,0.00539480137322,0.00496770988574,0.187950566426,0.0673329826407,0.021101992966,0.00679117147708
Y,0.00567536889898,0.0107411385607,0.0203883495146,0.00626678603402,0.000750750750751,0.00164744645799,0.00519210799585,0.00354969574037,0.0625,0.00133809099019,0.0120213713268,0.380676758682,0.00659340659341,0.0109745390694,0.010969723563,0.101799034664,0.000439174352218,0.0702987697715,0.00568927789934,0.0123076923077,0.04039497307,0.00510677808728,0.0279787747226,0.00688389169344,0.0759030635574,0.0421824850986,0.0482598607889,0.0182648401826,0.00875099443119,0.0312138728324,0.00217864923747,0.0380165289256,0.00132978723404,0.0226063829787,0.0327169274538,0.0124309392265,0.017116524029,0.0268918073796,0.0072585147962,0.0914772727273,0.00347912524851,0.0018281535649,0.00451671183379,0.0304232804233,0.0571428571429,0.0030303030303,0.0176952956409,0.000863557858377,0.0688468158348,0.151097718467,0.0154972018941,0.327452667814,0.00989672977625,0.00430107526882,0.00947051226862,0.0159208261618,0.0,0.00332778702163,0.0,0.0679702048417,0.00945423291792,0.0,0.0700171821306,0.0,0.0,0.0,0.106054100472,0.00257731958763,0.0400344382264,0.00332225913621,0.0216543958424,0.0668706293706,0.00396650506831,0.0032422417786,0.0,0.0153403643337,0.110037573806,0.0561555075594,0.00389294403893,0.0634118967452,0.0107142857143,0.108442004118,0.0591647331787,0.00739957716702,0.0168332456602,0.0722296994168,0.0312868949233,0.0470183486239,0.0265617314314,0.115384615385,0.00489662676823,0.00241080038573,0.00686400686401,0.00942587832048,0.065096359743,0.000428082191781,0.00428082191781,0.00385273972603,0.013704496788,0.000856531049251,0.000856531049251,0.00342465753425,0.00385273972603,0.0,0.169520547945,0.000856164383562,0.000427899015832,0.000855431993157,0.00128259940145,0.0,0.000427533133818,0.302265925609,0.0,0.0,0.0140965399402,0.0,0.000854335753951,0.0269115762495,0.000854335753951,0.0970085470085,0.0,0.0,0.00042735042735,0.000854700854701,0.0106791969244,0.000877577885037,0.0217855617258,0.052114480991,0.0145237078172,0.000458085203848,0.00157811678064,0.0,0.0,0.017941050833,0.167022639897,0.00982905982906,0.0025641025641,0.00042735042735,0.00042735042735,0.0,0.250534416417,0.004702864472,0.17750213858,0.00641573994867,0.0650406504065,0.0818181818182,0.00358583594801,0.0835983643798,0.00343305541932,0.0,0.0143338954469,0.0531542056075,0.00647668393782,0.0,0.0,0.0,0.546762589928,0.00209937018894,0.222118959108,0.0104856512141,0.0100586756077,0.0102389078498,0.00428265524625,0.0122699386503,0.0149371069182,0.0036496350365,0.00174825174825,0.126696832579,0.0101088646967,0.015770609319,0.000490436488475,0.130144032922,0.00365344467641,0.00282167042889,0.0355462624151,0.011135857461,0.00405268490375,0.0274151436031,0.00703324808184,0.118954248366,0.00643500643501,0.0878552971576,0.0531561461794,0.00301075268817,0.00855798031665,0.0,0.0,0.00256739409499,0.0136927685066,0.0,0.0278134360291,0.0,0.0560787671233,0.000432152117545,0.0205655526992,0.0,0.0,0.0,0.0102871838834,0.000428265524625,0.0,0.0179948586118,0.00428449014567,0.000856531049251,0.0394173093402,0.000428632661809,0.00471698113208,0.0004329004329,0.00232693426411,0.00147710487445,0.0099573257468,0.00264084507042,0.0201976794156,0.0548649807115,0.00128589798543,0.00343053173242,0.00171673819742,0.0,0.0,0.00085910652921,0.109536082474,0.374570446735,0.067439862543,0.102233676976,0.00645994832041,0.00602150537634,0.225709372313,0.00731182795699,0.0078431372549,0.0,0.00174748798602,0.00809523809524,0.0153465346535,0.00088809946714,0.0025025025025,0.00660066006601,0.00760649087221,0.14325974636,0.00343473994112,0.0181818181818,0.00311526479751,0.00189663347558,0.0775158658205,0.0943575154101,0.00616405879564,0.00142247510669,0.0592697961119,0.00574966828837,0.0151909722222,0.000868809730669,0.00434593654933,0.00948275862069,0.025641025641,0.0129533678756,0.000438020148927,0.00190566936636,0.0470779220779,0.00137425561154,0.00732127476314,0.00731812311666,0.00645716745588,0.0232458028412,0.0783807062877,0.00344530577089,0.000430663221361,0.000430848772081,0.010771219302,0.00603188280913,0.0146488582508,0.0297413793103,0.00345125107852,0.00518358531317,0.0582959641256,0.00403836446239,0.00644864117918,0.0163857677903,0.00294261893085,0.0283159463487,0.203398558187,0.387690689111,0.13774912075,0.00848896434635
W,0.0011350737798,0.00214822771214,0.00582524271845,0.00268576544315,0.0,0.00384404173531,0.0,0.000507099391481,0.0352678571429,0.000892060660125,0.0026714158504,0.10017809439,0.00923076923077,0.00219490781387,0.00131636682756,0.0,0.0,0.0456942003515,0.0035010940919,0.00571428571429,0.0,0.000928505106778,0.00289435600579,0.00183570445158,0.114769090078,0.00229252636405,0.046403712297,0.0228310502283,0.00079554494829,0.00693641618497,0.0,0.0280991735537,0.00132978723404,0.0239361702128,0.00568990042674,0.0124309392265,0.00921658986175,0.000625390869293,0.00111669458403,0.0,0.00497017892644,0.0237659963437,0.0243902439024,0.0493827160494,0.0021645021645,0.0212121212121,0.0,0.00172711571675,0.000430292598967,0.0830822212656,0.0378820490745,0.119621342513,0.0,0.0,0.000430477830392,0.0,0.0,0.0,0.0,0.0754189944134,0.00257842715943,0.0,0.246993127148,0.0,0.0,0.0,0.0309145556033,0.000429553264605,0.00430477830392,0.00047460844803,0.0298830662625,0.00568181818182,0.000881445570736,0.00185270958777,0.0,0.0,0.00912506709608,0.437904967603,0.0199513381995,0.00897867564534,0.005,0.00343170899108,0.00232018561485,0.014799154334,0.000526038926881,0.00314042171377,0.030106257379,0.0280963302752,0.00688637481554,0.0357142857143,0.00108813928183,0.000964320154291,0.001716001716,0.00814053127678,0.00985010706638,0.000856164383562,0.0,0.0,0.00128479657388,0.0,0.0,0.000428082191781,0.0,0.0,0.00128424657534,0.000428082191781,0.0,0.0,0.0,0.0,0.0,0.0243693886276,0.0,0.0,0.0,0.0,0.0,0.00341734301581,0.0,0.0337606837607,0.0,0.0,0.0,0.000854700854701,0.00128150363093,0.0,0.000854335753951,0.000854335753951,0.00598035027766,0.0,0.00315623356128,0.0,0.0,0.0649295173003,0.0538231524989,0.0,0.0,0.0,0.0,0.0,0.0880718255665,0.000427533133818,0.0551753635586,0.0175363558597,0.0183996576808,0.110454545455,0.000448229493501,0.000908677873694,0.0975968612065,0.00817438692098,0.00168634064081,0.0,0.00129533678756,0.0,0.0,0.0,0.00674460431655,0.000699790062981,0.200743494424,0.00110375275938,0.00251466890193,0.00341296928328,0.00321199143469,0.000766871165644,0.367924528302,0.0,0.0,0.0,0.00622083981337,0.00143369175627,0.0,0.376028806584,0.0,0.00225733634312,0.00522739153163,0.000742390497402,0.0,0.0430809399478,0.0,0.00522875816993,0.0,0.0099052540913,0.00047460844803,0.000430107526882,0.00641848523748,0.0,0.0,0.000427899015832,0.00385109114249,0.0004372540446,0.00213949507916,0.0,0.00984589041096,0.000432152117545,0.000856898029135,0.0,0.0,0.0,0.0642948992713,0.0,0.000428265524625,0.00171379605827,0.000428449014567,0.0,0.00814053127678,0.000428632661809,0.00214408233276,0.0,0.0,0.0,0.000711237553343,0.0,0.106574989257,0.031290184312,0.0,0.0265866209262,0.0,0.0,0.0,0.0,0.00816151202749,0.0657216494845,0.00773195876289,0.00601374570447,0.0,0.00129032258065,0.145313843508,0.00258064516129,0.00479302832244,0.0,0.00131061598952,0.0047619047619,0.0049504950495,0.00222024866785,0.003003003003,0.0049504950495,0.000507099391481,0.113198684829,0.0,0.00884520884521,0.00373831775701,0.00094831673779,0.0897552130553,0.00521574205785,0.00142247510669,0.000474158368895,0.00853485064011,0.00132684652808,0.0360243055556,0.0,0.000434593654933,0.00215517241379,0.00608431116906,0.000431778929188,0.000438020148927,0.0,0.000541125541126,0.0,0.00301464254953,0.00688764528627,0.0,0.159707275075,0.0,0.000430663221361,0.0,0.00172339508832,0.0068935803533,0.00172339508832,0.0021542438604,0.211206896552,0.00345125107852,0.000431965442765,0.0213004484305,0.0015143866734,0.00230308613542,0.00421348314607,0.00441392839627,0.00248385494287,0.0437693099897,0.0105207785376,0.00117233294256,0.0
H,0.011350737798,0.00966702470462,0.0126213592233,0.012533572068,0.012012012012,0.00219659527732,0.00934579439252,0.0172413793103,0.009375,0.00936663693131,0.000445235975067,0.221282279608,0.0421978021978,0.000877963125549,0.0653795524353,0.00438788942519,0.0,0.0333919156415,0.0306345733042,0.0351648351648,0.0489228007181,0.0236768802228,0.0593342981187,0.0385497934832,0.0320073159579,0.00458505272811,0.0092807424594,0.0202217873451,0.0175019888624,0.152601156069,0.0,0.0148760330579,0.0132978723404,0.0106382978723,0.0568990042674,0.0359116022099,0.0243581303489,0.010631644778,0.0156337241764,0.0102272727273,0.0984095427435,0.026508226691,0.0153568202349,0.00925925925926,0.0329004329004,0.017316017316,0.000431592576608,0.00259067357513,0.00301204819277,0.0852346104176,0.0,0.00172117039587,0.0,0.0,0.0111924235902,0.640705679862,0.000920810313076,0.0948419301165,0.00544711756695,0.00651769087523,0.0,0.000429737859905,0.0,0.000429368827823,0.000429368827823,0.0,0.00429368827823,0.110395189003,0.0228153250108,0.03132415757,0.0207882200087,0.00655594405594,0.0127809607757,0.0148216767022,0.0,0.0134228187919,0.0864197530864,0.00107991360691,0.01800486618,0.0157126823793,0.00285714285714,0.0116678105697,0.0133410672854,0.0258985200846,0.00736454497633,0.00493494840736,0.00944510035419,0.0395642201835,0.0457452041318,0.00686813186813,0.019042437432,0.0154291224687,0.025311025311,0.122536418166,0.0385438972163,0.000428082191781,0.041095890411,0.0419520547945,0.020556745182,0.0,0.00813704496788,0.00556506849315,0.0119863013699,0.00642123287671,0.0402397260274,0.00599315068493,0.0012836970475,0.0059880239521,0.00128259940145,0.0,0.0119709277469,0.086789226165,0.000854335753951,0.0,0.00726185390859,0.0,0.997009824861,0.000854335753951,0.933361811192,0.0132478632479,0.0,0.998290598291,0.0,0.00042735042735,0.0187953865869,0.0188679245283,0.0486971379752,0.114480991029,0.000854335753951,0.00320659642694,0.0810099947396,0.0,0.00522193211488,0.0683468603161,0.150790260572,0.0,0.305555555556,0.00854700854701,0.00299145299145,0.0260683760684,0.02351432236,0.0239418554938,0.0769888793841,0.000855431993157,0.0282413350449,0.0513636363636,0.015239802779,0.0204452521581,0.0191270230505,0.00272479564033,0.0177065767285,0.0146028037383,0.0194300518135,0.0394265232975,0.00129198966408,0.0,0.0269784172662,0.00909727081875,0.00371747211896,0.00551876379691,0.142497904443,0.0290102389078,0.00428265524625,0.023773006135,0.0117924528302,0.0656934306569,0.0131118881119,0.0651583710407,0.052099533437,0.0143369175627,0.0117704757234,0.00102880658436,0.0381002087683,0.00395033860045,0.0690015682175,0.0393466963623,0.00405268490375,0.032637075718,0.0204603580563,0.0901960784314,0.029601029601,0.00818260120586,0.0132890365449,0.0047311827957,0.0012836970475,0.00171232876712,0.00213949507916,0.0,0.0183996576808,0.0,0.13649978605,0.020618556701,0.160530821918,0.0,0.00599828620394,0.0,0.998286203942,0.000428449014567,0.00728675525075,0.00256959314775,0.462526766595,0.0107112253642,0.0,0.000428265524625,0.0402742073693,0.0,0.0716123499142,0.0030303030303,0.00930773705643,0.0192023633678,0.022759601707,0.0118838028169,0.00644606789858,0.0047149592799,0.0,0.0321612349914,0.0,0.0,0.0,0.0313573883162,0.0,0.350945017182,0.0279209621993,0.0438144329897,0.00732127476314,0.0739784946237,0.00472914875322,0.0210752688172,0.0305010893246,0.0,0.0109217999126,0.0128571428571,0.0366336633663,0.00044404973357,0.004004004004,0.0,0.025354969574,0.0403945514326,0.00883218842002,0.0918918918919,0.00809968847352,0.0165955429113,0.0222121486854,0.0118539592224,0.0256045519203,0.00711237553343,0.0118539592224,0.0181335692172,0.00694444444444,0.0,0.0591047370708,0.0306034482759,0.00217296827466,0.0198618307427,0.0183968462549,0.0152453549309,0.105519480519,0.0242785158039,0.000861326442722,0.0469220835127,0.0,0.00172191132157,0.00559862187769,0.00559862187769,0.995262704565,0.000430848772081,0.00646273158121,0.0198190435157,0.00947867298578,0.00689655172414,0.01164797239,0.0211663066955,0.012331838565,0.00302877334679,0.0658682634731,0.0112359550562,0.0058852378617,0.0278191753602,0.0133882595263,0.0257759074171,0.0252051582649,0.025466893039
K,0.0227014755959,0.0247046186896,0.0339805825243,0.0689346463742,0.0998498498498,0.0790774299835,0.0721703011423,0.0410750507099,0.08125,0.449598572703,0.0,0.0227070347284,0.00263736263736,0.0,0.0434401053093,0.000438788942519,0.0,0.0263620386643,0.0035010940919,0.090989010989,0.000897666068223,0.0844939647168,0.189580318379,0.0247820100964,0.0233196159122,0.00137551581843,0.0496519721578,0.0300065231572,0.035799522673,0.0554913294798,0.0196078431373,0.00495867768595,0.0212765957447,0.0132978723404,0.100995732575,0.0842541436464,0.0230414746544,0.0769230769231,0.0184254606365,0.0261363636364,0.0815109343936,0.0374771480804,0.181571815718,0.0493827160494,0.0406926406926,0.0571428571429,0.000863185153215,0.000431778929188,0.0,0.000430477830392,0.0,0.000430292598967,0.0,0.0,0.0882479552303,0.000860585197935,0.0244014732965,0.026622296173,0.0113481615978,0.090782122905,0.000429737859905,0.0,0.0,0.0,0.0,0.000429368827823,0.000429368827823,0.00214776632302,0.0555316401205,0.0455624110109,0.0411433521005,0.0183566433566,0.0409872190392,0.0583603520148,0.0309278350515,0.0402684563758,0.0579710144928,0.0107991360691,0.0384428223844,0.0297418630752,0.0257142857143,0.0130404941661,0.0243619489559,0.142177589852,0.00526038926881,0.00852400179453,0.06906729634,0.00172018348624,0.0836202656173,0.00503663003663,0.0500544069641,0.0506268081003,0.0540540540541,0.0779777206512,0.0346895074946,0.0,0.0509417808219,0.0201198630137,0.00942184154176,0.0,0.214561027837,0.12029109589,0.013698630137,0.0231164383562,0.000856164383562,0.1875,0.00855798031665,0.0915312232678,0.0149636596836,0.0,0.248824283882,0.0354852501069,0.000427167876976,0.0,0.0,0.0,0.0,0.0,0.0,0.0,0.0,0.0,0.0,0.0,0.000854335753951,0.0,0.0747543784707,0.0328919265271,0.0,0.0838295923042,0.0810099947396,0.000486381322957,0.117493472585,0.00683468603161,0.000427167876976,0.00042735042735,0.000854700854701,0.140598290598,0.0940170940171,0.0,0.014108593416,0.140230867892,0.00556030795552,0.00128314798973,0.0748823277706,0.0572727272727,0.0318242940385,0.0308950477056,0.0779794016675,0.0381471389646,0.0522765598651,0.0204439252336,0.126943005181,0.125448028674,0.0,0.0,0.00674460431655,0.0181945416375,0.00046468401487,0.0573951434879,0.0762782900251,0.00511945392491,0.0192719486081,0.118865030675,0.0117924528302,0.0559610705596,0.13986013986,0.0398190045249,0.052099533437,0.0329749103943,0.12849435998,0.0262345679012,0.206158663883,0.0282167042889,0.0083638264506,0.083147735709,0.0273556231003,0.0143603133159,0.00639386189258,0.0579520697168,0.00557700557701,0.00430663221361,0.0185097294732,0.00559139784946,0.00171159606333,0.0209760273973,0.0188275566966,0.0,0.0641848523748,0.0,0.0329482242191,0.00515463917526,0.0222602739726,0.00129645635264,0.00685518423308,0.0012853470437,0.000428449014567,0.0,0.0475782254608,0.0,0.0,0.0,0.0,0.0,0.0398457583548,0.0,0.1243567753,0.0038961038961,0.0744618964514,0.166912850812,0.0256045519203,0.0633802816901,0.0219166308552,0.0141448778397,0.0,0.0,0.0,0.000429553264605,0.0,0.000429553264605,0.0,0.00257731958763,0.00343642611684,0.109536082474,0.0426356589147,0.000860215053763,0.00214961306965,0.0404301075269,0.0518518518519,0.010582010582,0.0725207514198,0.0928571428571,0.0113861386139,0.00355239786856,0.024024024024,0.0016501650165,0.00152129817444,0.0126820103335,0.00294406280667,0.0800982800983,0.0498442367601,0.0222854433381,0.00725294650952,0.0241820768137,0.0810810810811,0.0,0.00616405879564,0.119416187528,0.292534722222,0.0,0.29335071708,0.073275862069,0.00434593654933,0.0125215889465,0.149802890933,0.115769414007,0.0649350649351,0.126889601466,0.00559862187769,0.102023245803,0.0,0.000430477830392,0.0,0.0,0.0,0.0,0.0900473933649,0.0495476087893,0.00430848772081,0.00948275862069,0.16220880069,0.126997840173,0.00224215246637,0.216052498738,0.229387379088,0.0323033707865,0.0461010299166,0.0670640834575,0.0164778578785,0.0152551288795,0.0369284876905,0.0475382003396
R,0.0363223609535,0.0268528464017,0.0300970873786,0.0304386750224,0.0157657657658,0.00823723228995,0.0311526479751,0.0415821501014,0.0160714285714,0.222123104371,0.0,0.0271593944791,0.0430769230769,0.0017559262511,0.0653795524353,0.0469504168495,0.000878348704436,0.18453427065,0.037636761488,0.143296703297,0.0368043087971,0.105849582173,0.0689821514713,0.0165213400642,0.0361225422954,0.0476845483723,0.0241299303944,0.176777560339,0.0151153540175,0.0543352601156,0.0217864923747,0.0842975206612,0.0744680851064,0.0159574468085,0.106685633001,0.0165745856354,0.0236998025016,0.021263289556,0.101619207147,0.0221590909091,0.0566600397614,0.0297074954296,0.0542005420054,0.138888888889,0.140692640693,0.0588744588745,0.00258955545965,0.00129533678756,0.0,0.00301334481274,0.0,0.0,0.0,0.0,0.190271201033,0.0236660929432,0.0290055248619,0.0232945091514,0.0358601906491,0.0837988826816,0.0,0.0,0.0,0.0,0.0,0.000429368827823,0.0,0.00987972508591,0.0533792509686,0.100616990982,0.0203551320918,0.0476398601399,0.050242397532,0.0481704492821,0.0,0.0383509108341,0.250670960816,0.0345572354212,0.0457420924574,0.0179573512907,0.0342857142857,0.0329444063143,0.0875870069606,0.0470401691332,0.0152551288795,0.0995962314939,0.0531286894923,0.11754587156,0.0787014264634,0.00961538461538,0.100108813928,0.095949855352,0.044616044616,0.0719794344473,0.127623126338,0.0,0.0423801369863,0.0693493150685,0.139614561028,0.0,0.071948608137,0.141267123288,0.0154109589041,0.00770547945205,0.00428082191781,0.103167808219,0.00984167736414,0.0312232677502,0.00684053014109,0.0,0.173150919196,0.0149636596836,0.0,0.0,0.0,0.0,0.000854335753951,0.000427167876976,0.000427167876976,0.000854700854701,0.0,0.0,0.0,0.000854700854701,0.00341734301581,0.0,0.0679196924391,0.0674925245622,0.0,0.0622995877233,0.0526038926881,0.000972762645914,0.10182767624,0.0,0.0,0.00042735042735,0.00897435897436,0.230769230769,0.130769230769,0.0,0.0299273193673,0.0812312954254,0.00556030795552,0.0038494439692,0.0902866923406,0.0313636363636,0.0891976692066,0.0304407087687,0.0343305541932,0.101725703906,0.0733558178752,0.0870327102804,0.0764248704663,0.0286738351254,0.0,0.0,0.00494604316547,0.182645206438,0.00185873605948,0.0275938189845,0.134953897737,0.0204778156997,0.0310492505353,0.239263803681,0.0880503144654,0.114355231144,0.0393356643357,0.0452488687783,0.0365474339036,0.0437275985663,0.172633643943,0.0185185185185,0.138830897704,0.00564334085779,0.00627286983795,0.0163325909428,0.0820668693009,0.00130548302872,0.0204603580563,0.0954248366013,0.015873015873,0.0391903531438,0.0137636449929,0.0094623655914,0.00599058622165,0.0192636986301,0.0346598202824,0.0,0.121095421481,0.0,0.0158322635858,0.0,0.0890410958904,0.0,0.0119965724079,0.00299914310197,0.000428449014567,0.0,0.0548649807115,0.00214132762313,0.0,0.00342759211654,0.0,0.000856531049251,0.113110539846,0.000428632661809,0.173241852487,0.0108225108225,0.0378126817917,0.0310192023634,0.0398293029872,0.050176056338,0.0360979802321,0.00128589798543,0.000857265323618,0.000428816466552,0.0,0.0,0.0,0.0,0.000429553264605,0.00257731958763,0.0335051546392,0.152920962199,0.0693367786391,0.000430107526882,0.0558899398108,0.0722580645161,0.0575163398693,0.0,0.131935342945,0.158095238095,0.0311881188119,0.0137655417407,0.0475475475475,0.0148514851485,0.00101419878296,0.1038046031,0.00588812561335,0.118918918919,0.0249221183801,0.0260787102892,0.0435176790571,0.0772878141299,0.1417733523,0.00189663347558,0.0232337600759,0.168067226891,0.381944444444,0.0,0.309865275967,0.178017241379,0.0204259017818,0.0669257340242,0.202365308804,0.209147212959,0.0541125541126,0.0416857535502,0.0103359173127,0.120103314679,0.0,0.000430477830392,0.00473729543497,0.0,0.000861326442722,0.000430848772081,0.0353295993106,0.0413614821198,0.0124946143903,0.0784482758621,0.0750647109577,0.157667386609,0.0112107623318,0.219586067643,0.0608014739751,0.0411985018727,0.0205983325159,0.0357675111773,0.0257466529351,0.0410310362967,0.0457209847597,0.0492359932088
Q,0.0397275822928,0.0741138560687,0.0242718446602,0.053715308863,0.039039039039,0.0241625480505,0.0493250259605,0.0258620689655,0.0102678571429,0.0218554861731,0.0,0.0160284951024,0.0118681318681,0.000438981562774,0.0824923211935,0.00307152259763,0.000878348704436,0.0206502636204,0.0192560175055,0.0725274725275,0.00987432675045,0.0185701021356,0.0414857694163,0.0215695273061,0.0178326474623,0.0105456212746,0.00696055684455,0.0378343118069,0.0636435958632,0.0300578034682,0.0,0.0363636363636,0.0132978723404,0.00398936170213,0.0128022759602,0.0290055248619,0.0144832126399,0.0287679799875,0.0753768844221,0.00965909090909,0.0452286282306,0.0173674588665,0.0785907859079,0.0515873015873,0.00649350649351,0.0458874458874,0.00172637030643,0.00647668393782,0.000430292598967,0.00301334481274,0.0,0.000430292598967,0.0,0.0,0.0611278519156,0.00473321858864,0.00828729281768,0.0715474209651,0.01044030867,0.000931098696462,0.0,0.0,0.000429553264605,0.000429368827823,0.000429368827823,0.0,0.0055817947617,0.00472508591065,0.0305639259578,0.0412909349786,0.00692940666955,0.00568181818182,0.0493609519612,0.0361278369616,0.159793814433,0.0345158197507,0.0220075147611,0.0102591792657,0.0131386861314,0.043771043771,0.04,0.025394646534,0.111368909513,0.0787526427061,0.0647027880063,0.00448631673396,0.0324675324675,0.00802752293578,0.0491883915396,0.0508241758242,0.0375408052231,0.019768563163,0.030459030459,0.169237360754,0.00556745182013,0.0,0.0102739726027,0.0342465753425,0.43982869379,0.0,0.054817987152,0.154965753425,0.00513698630137,0.00428082191781,0.0,0.0500856164384,0.0012836970475,0.0248075278015,0.0363403163745,0.0,0.0286447199658,0.014108593416,0.00213583938488,0.0,0.070482699701,0.0,0.0,0.000854335753951,0.0,0.0017094017094,0.0,0.0,0.00042735042735,0.00042735042735,0.0469884664673,0.0,0.0239214011106,0.0290474156343,0.0,0.0178653229501,0.0415570752236,0.000486381322957,0.0443864229765,0.0,0.000427167876976,0.0,0.410256410256,0.0666666666667,0.025641025641,0.00470085470085,0.00128259940145,0.0513039760581,0.0235243798118,0.000427715996578,0.0693196405648,0.0509090909091,0.025100851636,0.0240799636529,0.00980872976949,0.0254314259764,0.0590219224283,0.0508177570093,0.0194300518135,0.0501792114695,0.00258397932817,0.0,0.011690647482,0.0153953813856,0.00232342007435,0.016004415011,0.059513830679,0.0290102389078,0.0139186295503,0.0322085889571,0.00786163522013,0.158150851582,0.0358391608392,0.0244343891403,0.045101088647,0.0401433691756,0.0809220205983,0.00874485596708,0.0918580375783,0.0186230248307,0.0277051751176,0.0141054194506,0.0354609929078,0.0117493472585,0.0306905370844,0.0366013071895,0.02145002145,0.0103359173127,0.0223065970574,0.0197849462366,0.00385109114249,0.0620719178082,0.00641848523748,0.0,0.0821566110398,0.0048097944906,0.000427899015832,0.0,0.0184075342466,0.00216076058773,0.00471293916024,0.0,0.0,0.000428449014567,0.0171453064724,0.00128479657388,0.0800856531049,0.380462724936,0.0,0.0,0.124250214225,0.0,0.041166380789,0.0108225108225,0.0395578824898,0.0635155096012,0.0099573257468,0.0303697183099,0.0159003008165,0.000428632661809,0.0,0.0,0.0,0.0111683848797,0.000429368827823,0.0691580756014,0.000429553264605,0.000429553264605,0.0193298969072,0.0841924398625,0.031007751938,0.0309677419355,0.00257953568358,0.0344086021505,0.0610021786492,0.0,0.0166011358672,0.0261904761905,0.0217821782178,0.0111012433393,0.015015015015,0.0016501650165,0.0141987829615,0.00845467355566,0.00343473994112,0.014742014742,0.0348909657321,0.1631104789,0.00861287398005,0.0151730678046,0.0692271218587,0.00379326695116,0.0298719772404,0.146395400265,0.0160590277778,0.001303214596,0.0608431116906,0.0948275862069,0.00999565406345,0.0867875647668,0.0757774857643,0.0690805145307,0.0124458874459,0.0297755382501,0.00516795865633,0.125699526474,0.0,0.00301334481274,0.000430663221361,0.0904392764858,0.000861326442722,0.00430848772081,0.0249892287807,0.042654028436,0.294269711331,0.00862068965517,0.0746333045729,0.0609071274298,0.0448430493274,0.0318021201413,0.0538922155689,0.0201310861423,0.0201078960275,0.0417287630402,0.0118434603502,0.00736454497633,0.031652989449,0.0237691001698
N,0.0272417707151,0.0171858216971,0.183495145631,0.0438675022381,0.0322822822823,0.0230642504119,0.0238836967809,0.039046653144,0.01875,0.00981266726137,0.0,0.00979519145147,0.0,0.000877963125549,0.118911803423,0.0508995173322,0.0,0.0250439367311,0.00656455142232,0.0413186813187,0.016157989228,0.0473537604457,0.0202604920405,0.165672326755,0.0617283950617,0.00458505272811,0.0645011600928,0.030658838878,0.0891010342084,0.0369942196532,0.267973856209,0.0099173553719,0.0106382978723,0.0146276595745,0.0128022759602,0.0469613259669,0.154048716261,0.111944965604,0.0753768844221,0.134659090909,0.0263419483101,0.0968921389397,0.0424570912376,0.00837742504409,0.0030303030303,0.0510822510823,0.000863185153215,0.00172711571675,0.0116179001721,0.0331467929402,0.0404649160568,0.000860585197935,0.0,0.0,0.00904003443823,0.0232358003442,0.00552486187845,0.00998336106489,0.00317748524739,0.0996275605214,0.0,0.0,0.0,0.000429368827823,0.000858737655646,0.0,0.0515242593388,0.128865979381,0.0129143349118,0.0635975320361,0.0294499783456,0.0201048951049,0.071837814015,0.102362204724,0.0824742268041,0.0642377756472,0.00912506709608,0.00863930885529,0.0476885644769,0.0258136924804,0.0128571428571,0.0219629375429,0.034222737819,0.0142706131078,0.00526038926881,0.0381336922387,0.0159386068477,0.00229357798165,0.028529267093,0.00503663003663,0.0179542981502,0.0101253616201,0.029601029601,0.0402742073693,0.0286937901499,0.0,0.00428082191781,0.149400684932,0.00214132762313,0.0,0.0141327623126,0.0128424657534,0.00642123287671,0.0565068493151,0.0385273972603,0.0192636986301,0.00171159606333,0.0213857998289,0.00897819581018,0.0,0.0222317229585,0.00384779820436,0.0,0.0,0.0563861597608,0.0,0.000427167876976,0.00811618966254,0.0,0.00641025641026,0.0,0.0017094017094,0.0,0.00128205128205,0.213156770611,0.135585783238,0.052968816745,0.017513882956,0.0,0.00595510765002,0.402419779064,0.000972762645914,0.00696257615318,0.000427167876976,0.000427167876976,0.0,0.0247863247863,0.00726495726496,0.0196581196581,0.0025641025641,0.0,0.0752458315519,0.0346449957228,0.00128314798973,0.0389388104407,0.0431818181818,0.0528910802331,0.0554293502953,0.0274644433546,0.00817438692098,0.12563237774,0.00992990654206,0.0751295336788,0.0412186379928,0.00516795865633,0.0042492917847,0.0044964028777,0.00979706088174,0.00185873605948,0.0215231788079,0.0259849119866,0.0443686006826,0.00963597430407,0.0575153374233,0.0117924528302,0.0328467153285,0.0743006993007,0.118552036199,0.132970451011,0.0193548387097,0.240313879353,0.0,0.0407098121086,0.00282167042889,0.00365917407214,0.121009651076,0.0192502532928,0.0313315926893,0.019820971867,0.00392156862745,0.03861003861,0.00301464254953,0.00664451827243,0.00989247311828,0.0106974753958,0.0128424657534,0.00599058622165,0.0,0.0149764655541,0.0,0.0012836970475,0.664948453608,0.0166952054795,0.0,0.00385604113111,0.000428449014567,0.0,0.000428449014567,0.00514359194171,0.00299785867238,0.00299785867238,0.00428449014567,0.000856898029135,0.0,0.000428449014567,0.0,0.133361921098,0.00909090909091,0.00930773705643,0.175775480059,0.0220483641536,0.00924295774648,0.0429737859905,0.000428632661809,0.0,0.00171526586621,0.000429184549356,0.00171821305842,0.000429368827823,0.00472508591065,0.0,0.0120274914089,0.0197594501718,0.00987972508591,0.00258397932817,0.523440860215,0.0,0.0374193548387,0.0984749455338,0.0,0.0672782874618,0.0228571428571,0.00693069306931,0.00310834813499,0.00650650650651,0.0115511551155,0.17139959432,0.0178487552842,0.15014720314,0.0235872235872,0.0641744548287,0.0165955429113,0.0172257479601,0.0194404931247,0.0711237553343,0.0697012802276,0.00142247510669,0.0446704997789,0.0112847222222,0.0,0.0212950890917,0.0206896551724,0.000434593654933,0.00820379965458,0.0223390275953,0.0528823249166,0.0481601731602,0.166743014201,0.00732127476314,0.0129143349118,0.0,0.0,0.00430663221361,0.103789836348,0.000430663221361,0.0021542438604,0.00430848772081,0.0435157259802,0.0124946143903,0.0129310344828,0.0435720448663,0.0241900647948,0.0,0.0111055022716,0.0230308613542,0.0215355805243,0.0127513487003,0.046696472926,0.0159629248198,0.00789058390321,0.021101992966,0.0288624787776
E,0.0408626560726,0.047261009667,0.0514563106796,0.059982094897,0.0375375375375,0.0230642504119,0.0493250259605,0.0897565922921,0.0477678571429,0.120874219447,0.0,0.0111308993767,0.0,0.0,0.0794207985959,0.000877577885037,0.0,0.0619507908612,0.0153172866521,0.123956043956,0.00538599640934,0.0371402042711,0.10178485287,0.061496099128,0.0256058527663,0.00275103163686,0.0092807424594,0.0502283105023,0.030230708035,0.035838150289,0.00217864923747,0.00165289256198,0.0132978723404,0.0226063829787,0.00568990042674,0.117403314917,0.0302830809743,0.0631644777986,0.0429927414852,0.0409090909091,0.104870775348,0.0575868372943,0.214543812105,0.0348324514991,0.0229437229437,0.269264069264,0.0112214069918,0.00215889464594,0.0012908777969,0.0,0.0,0.0,0.000430292598967,0.0,0.35170038743,0.000430292598967,0.067679558011,0.231281198003,0.0299591466182,0.00232774674115,0.0,0.0,0.0,0.0905968226707,0.0,0.0,0.0128810648347,0.0120274914089,0.170469220835,0.179876601804,0.0381117366825,0.0354020979021,0.0956368444249,0.106530801297,0.489690721649,0.0249280920422,0.0118089103596,0.0318574514039,0.0306569343066,0.119528619529,0.0642857142857,0.0130404941661,0.0800464037123,0.0856236786469,0.00894266175697,0.0264692687304,0.0613931523022,0.00745412844037,0.0880472208559,0.00961538461538,0.0516866158868,0.304725168756,0.32604032604,0.125107112254,0.0770877944325,0.0,0.0774828767123,0.146832191781,0.00728051391863,0.0,0.212419700214,0.0873287671233,0.00684931506849,0.0124143835616,0.000428082191781,0.0911815068493,0.0,0.295124037639,0.091492090637,0.0,0.0256519880291,0.00427533133818,0.0,0.0,0.0,0.0,0.0,0.000427167876976,0.0,0.00726495726496,0.00128205128205,0.0,0.0,0.000854700854701,0.0017086715079,0.0,0.209739427595,0.0499786416062,0.0,0.0137425561154,0.0462914255655,0.0126459143969,0.117493472585,0.0,0.0,0.0,0.00042735042735,0.267521367521,0.116666666667,0.853846153846,0.000855066267636,0.250961949551,0.0115483319076,0.000855431993157,0.00641848523748,0.0281818181818,0.0416853428956,0.111313039527,0.0720941638058,0.0145322434151,0.0345699831366,0.0379672897196,0.0220207253886,0.118279569892,0.0142118863049,0.0042492917847,0.00629496402878,0.0104968509447,0.00232342007435,0.0971302428256,0.0486169321039,0.0341296928328,0.017130620985,0.0621165644172,0.00550314465409,0.0523114355231,0.0743006993007,0.0588235294118,0.0909797822706,0.0602150537634,0.0411966650319,0.00668724279835,0.146137787056,0.020316027088,0.00470465237846,0.112843355605,0.159067882472,0.0678851174935,0.257033248082,0.037908496732,0.0712140712141,0.0172265288544,0.284765068818,0.047311827957,0.00213949507916,0.0834760273973,0.0333761232349,0.0,0.113821138211,0.0,0.00256739409499,0.0,0.0659246575342,0.000432152117545,0.00214224507284,0.0,0.0,0.0,0.0158594084869,0.000428265524625,0.0179871520343,0.0012853470437,0.0,0.0,0.0265638389032,0.0,0.190823327616,0.00519480519481,0.194299011053,0.224519940916,0.0512091038407,0.0158450704225,0.0300816501934,0.0,0.0,0.0,0.0,0.0,0.0,0.0219072164948,0.0,0.000429553264605,0.00300687285223,0.0794673539519,0.472006890612,0.0709677419355,0.00515907136715,0.298924731183,0.155991285403,0.0,0.172564438619,0.0209523809524,0.0039603960396,0.00355239786856,0.00600600600601,0.0841584158416,0.0202839756592,0.0131517144199,0.00932286555447,0.0407862407862,0.219314641745,0.123755334282,0.00543970988214,0.0151730678046,0.155998103367,0.00663821716453,0.0,0.1826625387,0.0360243055556,0.000434404865334,0.0738809213385,0.15775862069,0.00999565406345,0.109671848014,0.140604467806,0.146260123869,0.125,0.0645900137426,0.020241171404,0.116659492036,0.0,0.0,0.0,0.00430663221361,0.0,0.047824213701,0.0404997845756,0.280913399397,0.0482550624731,0.0469827586207,0.144089732528,0.0673866090713,0.0,0.0257445734478,0.0557346844772,0.0369850187266,0.0210887690044,0.267262791853,0.0355303810505,0.0341925302472,0.171746776084,0.275042444822
D,0.0170261066969,0.0182599355532,0.0155339805825,0.0331244404655,0.0285285285285,0.0197693574959,0.0565939771547,0.134381338742,0.0178571428571,0.00847457627119,0.0,0.0195903829029,0.00131868131868,0.000438981562774,0.294866169373,0.000438788942519,0.000439174352218,0.0333919156415,0.00262582056893,0.04,0.00448833034111,0.422934076137,0.125422093584,0.00550711335475,0.0361225422954,0.00366804218249,0.0116009280742,0.0534898891063,0.145584725537,0.0219653179191,0.00217864923747,0.00661157024793,0.0199468085106,0.0412234042553,0.0128022759602,0.0994475138122,0.104674127716,0.072545340838,0.113344500279,0.102272727273,0.0392644135189,0.129341864717,0.0528455284553,0.0462962962963,0.017316017316,0.153246753247,0.0,0.0833333333333,0.0808950086059,0.0,0.000860955660783,0.0,0.0,0.0,0.155832974602,0.0120481927711,0.0653775322284,0.141430948419,0.0381298229687,0.0223463687151,0.0,0.0,0.0,0.90725633319,0.0,0.00128810648347,0.00171747531129,0.105240549828,0.108480413259,0.158519221642,0.11130359463,0.0406468531469,0.135742617893,0.196850393701,0.0670103092784,0.0556088207095,0.0209339774557,0.00647948164147,0.036496350365,0.0476992143659,0.0314285714286,0.0528483184626,0.0110208816705,0.173890063425,0.0142030510258,0.0179452669358,0.0247933884298,0.00114678899083,0.108706345303,0.010989010989,0.0614798694233,0.0511089681774,0.136851136851,0.151670951157,0.0620985010707,0.0,0.121575342466,0.102311643836,0.0402569593148,0.0,0.0402569593148,0.0402397260274,0.00984589041096,0.0355308219178,0.000428082191781,0.177654109589,0.000855798031665,0.182207014542,0.764001710133,0.0,0.297135528003,0.0521590423258,0.0,0.0,0.0,0.000854335753951,0.0,0.0017086715079,0.0649295173003,0.00726495726496,0.998717948718,0.0,0.000854700854701,0.0128205128205,0.00683468603161,0.00131636682756,0.110636480137,0.141819735156,0.0,0.0109940448923,0.116780641767,0.0165369649805,0.0126196692776,0.0,0.0,0.0,0.0162393162393,0.0769230769231,0.138461538462,0.0512820512821,0.00128259940145,0.160324925182,0.0299401197605,0.00171086398631,0.00556268720582,0.0304545454545,0.0515463917526,0.128577919128,0.0461010299166,0.00999091734787,0.0193929173693,0.134345794393,0.029792746114,0.0645161290323,0.0180878552972,0.0,0.0134892086331,0.00139958012596,0.0092936802974,0.248344370861,0.150041911148,0.221843003413,0.117773019272,0.0713190184049,0.0188679245283,0.0401459854015,0.0506993006993,0.0371040723982,0.167962674961,0.0673835125448,0.0720941638058,0.0,0.0407098121086,0.0079006772009,0.00261369576581,0.160356347439,0.0861195542047,0.0600522193211,0.319693094629,0.0884531590414,0.677820677821,0.0129198966408,0.046986236355,0.0769892473118,0.426615318785,0.0702054794521,0.0470688917415,0.0,0.01026957638,0.0,0.000855798031665,0.0,0.0432363013699,0.0,0.00728363324764,0.0,0.0,0.000856898029135,0.0432918988427,0.000856531049251,0.000856531049251,0.0,0.0,0.0,0.0025706940874,0.00171453064724,0.123499142367,0.0116883116883,0.0895869691681,0.155096011817,0.099573257468,0.00924295774648,0.0313708637731,0.0,0.000428632661809,0.000428816466552,0.0,0.0,0.99613568055,0.000429553264605,0.0,0.0524054982818,0.00687285223368,0.0150343642612,0.150732127476,0.00430107526882,0.00171969045572,0.206451612903,0.16339869281,0.0,0.0799475753604,0.0052380952381,0.0029702970297,0.0244227353464,0.013013013013,0.0214521452145,0.0461460446247,0.0465007045561,0.647693817468,0.0152334152334,0.0704049844237,0.149834044571,0.00135992747053,0.00331910858227,0.0867709815078,0.000474158368895,0.000474158368895,0.127819548872,0.00694444444444,0.0,0.0134724033029,0.0862068965517,0.0013037809648,0.00345423143351,0.0880420499343,0.0609814197237,0.0232683982684,0.145671094824,0.0391903531438,0.0443392165303,0.0,0.0,0.0,0.0021533161068,0.0,0.826798793623,0.026712623869,0.172339508832,0.119345109866,0.0073275862069,0.0910267471959,0.0259179265659,0.00448430493274,0.00605754669359,0.0257945647167,0.0163857677903,0.0235409514468,0.0953800298063,0.0308959835221,0.0336664913204,0.187573270809,0.0747028862479
S,0.0567536889898,0.134264232009,0.104854368932,0.0653536257833,0.0615615615616,0.0669961559583,0.0908618899273,0.040060851927,0.0169642857143,0.0553077609277,0.000890471950134,0.0262689225289,0.00395604395604,0.0,0.0544098288723,0.0552874067573,0.00131752305665,0.101493848858,0.0205689277899,0.0461538461538,0.0237881508079,0.0315691736305,0.0448625180897,0.195961450207,0.129401005944,0.0600641907382,0.0134570765661,0.18525766471,0.0326173428799,0.0601156069364,0.0697167755991,0.0214876033058,0.211436170213,0.155585106383,0.0398293029872,0.0662983425414,0.106649111257,0.0300187617261,0.0513679508654,0.0539772727273,0.0492047713718,0.050731261426,0.013098464318,0.081569664903,0.0147186147186,0.0225108225108,0.00776866637894,0.0328151986183,0.0348537005164,0.113215669393,0.110632802411,0.0025817555938,0.000430292598967,0.000430107526882,0.0189410245372,0.0210843373494,0.0294659300184,0.044925124792,0.00408533817522,0.00558659217877,0.0,0.0,0.0,0.0,0.0369257191928,0.0188922284242,0.0635465865178,0.106958762887,0.0305639259578,0.102515424775,0.056734517107,0.0187937062937,0.0440722785368,0.0296433534044,0.0360824742268,0.0536912751678,0.027911969941,0.0145788336933,0.043795620438,0.0375982042649,0.0907142857143,0.0212765957447,0.0591647331787,0.0332980972516,0.0241977906365,0.0278151637506,0.0324675324675,0.0149082568807,0.0398425971471,0.0178571428571,0.162132752992,0.0250723240116,0.0514800514801,0.0145672664953,0.107494646681,0.00256849315068,0.0179794520548,0.0873287671233,0.0299785867238,0.0,0.0282655246253,0.0607876712329,0.00556506849315,0.00342465753425,0.00128424657534,0.110017123288,0.0136927685066,0.121899059025,0.0384779820436,0.000854700854701,0.0342026507054,0.00641299700727,0.0,0.0140965399402,0.0491243058522,0.660401537804,0.0,0.0243485689876,0.0,0.0350427350427,0.0,0.0,0.0529914529915,0.0247863247863,0.0132422041862,0.00351031154015,0.053395984622,0.0192225544639,0.000854335753951,0.0224461749885,0.0189374013677,0.0695525291829,0.00435161009574,0.0,0.00683468603161,0.00128205128205,0.0854700854701,0.0290598290598,0.0606837606838,0.00598290598291,0.000427533133818,0.0209491235571,0.0453378956373,0.00898203592814,0.017971758665,0.104090909091,0.158673240699,0.0436165379373,0.018636586562,0.0336058128974,0.039629005059,0.0251168224299,0.0686528497409,0.186379928315,0.0219638242894,0.0127478753541,0.00629496402878,0.0167949615115,0.00278810408922,0.076710816777,0.0519698239732,0.0136518771331,0.0117773019272,0.0483128834356,0.0338050314465,0.0316301703163,0.076048951049,0.0533936651584,0.0645412130638,0.0129032258065,0.0279548798431,0.00205761316872,0.0250521920668,0.0112866817156,0.00156821745949,0.0972531551596,0.0202634245187,0.0169712793734,0.0818414322251,0.0265795206972,0.016731016731,0.0150732127476,0.0142382534409,0.00860215053763,0.00427899015832,0.0179794520548,0.225502781344,0.0,0.0423620025674,0.002186270223,0.000855798031665,0.020618556701,0.104452054795,0.066551426102,0.0736932305056,0.00599828620394,0.000428449014567,0.167095115681,0.00600085726532,0.00128479657388,0.0552462526767,0.0424164524422,0.390745501285,0.00428265524625,0.00214224507284,0.000857265323618,0.0235849056604,0.0268398268398,0.0325770796975,0.0413589364845,0.206970128023,0.012764084507,0.0567253975075,0.00171453064724,0.0,0.0,0.116309012876,0.306701030928,0.0,0.0373711340206,0.0781786941581,0.034793814433,0.0652920962199,0.0652920962199,0.0482342807924,0.149677419355,0.000859845227859,0.0129032258065,0.037908496732,0.0,0.0327653997379,0.0152380952381,0.0168316831683,0.0235346358792,0.0990990990991,0.0412541254125,0.0278904665314,0.0469704086426,0.136408243376,0.109090909091,0.0398753894081,0.0327169274538,0.0829555757026,0.0222854433381,0.0810810810811,0.633001422475,0.00284495021337,0.016364440513,0.00737847222222,0.000434404865334,0.0108648413733,0.0413793103448,0.000869187309865,0.0444732297064,0.0621988611476,0.0609814197237,0.0692640692641,0.0196976637655,0.0551248923342,0.00774860094705,0.00473525613431,0.000860955660783,0.021533161068,0.121877691645,0.0,0.0310211115898,0.0297285652736,0.0224041361482,0.0258509263249,0.0228448275862,0.0478861087144,0.10626349892,0.00112107623318,0.0196870267542,0.0294795025334,0.129213483146,0.0362923001471,0.0273224043716,0.0504634397528,0.0257759074171,0.0404454865182,0.0747028862479
T,0.0419977298524,0.062298603652,0.0601941747573,0.0492390331244,0.0660660660661,0.0977484898407,0.145898234683,0.0456389452333,0.111607142857,0.0633363068689,0.00222617987533,0.0632235084595,0.0228571428571,0.00438981562774,0.0333479596314,0.157964019307,0.000439174352218,0.228031634446,0.018818380744,0.113406593407,0.0498204667864,0.00882079851439,0.0212252773758,0.0546122074346,0.0128029263832,0.00596056854654,0.0779582366589,0.0469667318982,0.0111376292761,0.0127167630058,0.187363834423,0.0181818181818,0.0332446808511,0.369680851064,0.0881934566145,0.0345303867403,0.0704410796577,0.0856785490932,0.034617532105,0.0642045454545,0.0467196819085,0.040676416819,0.0478771454381,0.0961199294533,0.0242424242424,0.0926406926407,0.0146741476047,0.036701208981,0.0456110154905,0.0473525613431,0.0611278519156,0.0180722891566,0.0,0.0,0.0520878174774,0.184595524957,0.0359116022099,0.113144758735,0.00590104403087,0.113594040968,0.0262140094542,0.0,0.0,0.0,0.769428939459,0.00171747531129,0.0137398024903,0.018470790378,0.0348687042617,0.0180351210252,0.025552187094,0.0218531468531,0.0881445570736,0.0310328855952,0.00515463917526,0.0306807286673,0.0161030595813,0.0313174946004,0.0486618004866,0.0432098765432,0.135,0.0809883321894,0.0707656612529,0.0174418604651,0.0315623356128,0.0641543292956,0.0631641086187,0.0114678899083,0.120019675357,0.0123626373626,0.207834602829,0.019768563163,0.031746031746,0.018851756641,0.195289079229,0.00128424657534,0.0329623287671,0.0453767123288,0.00599571734475,0.0,0.0119914346895,0.0368150684932,0.0826198630137,0.00128424657534,0.0102739726027,0.0911815068493,0.0282413350449,0.0303678357571,0.00812312954254,0.0,0.0701154339461,0.0504489097905,0.000854335753951,0.000854335753951,0.00640751815463,0.228107646305,0.0,0.0649295173003,0.000427167876976,0.017094017094,0.0,0.0,0.138034188034,0.00042735042735,0.00469884664673,0.00833698990785,0.0149508756941,0.0123878684323,0.0,0.107650022904,0.00631246712257,0.0856031128405,0.318537859008,0.00683468603161,0.000854335753951,0.0273504273504,0.00982905982906,0.0115384615385,0.0521367521368,0.000854700854701,0.00299273193673,0.0145361265498,0.0149700598802,0.0337895637297,0.121951219512,0.0718181818182,0.0497534737786,0.0336210813267,0.0166748406081,0.344232515895,0.031197301855,0.0443925233645,0.0401554404145,0.0125448028674,0.00645994832041,0.0184135977337,0.0121402877698,0.00279916025192,0.00418215613383,0.0353200883002,0.0385582564962,0.0136518771331,0.00963597430407,0.0406441717791,0.0220125786164,0.0267639902676,0.0270979020979,0.0244343891403,0.0349922239502,0.0136200716846,0.0416871015204,0.0272633744856,0.0808977035491,0.220090293454,0.0104547830633,0.0601336302895,0.0202634245187,0.0417754569191,0.042199488491,0.0113289760349,0.039468039468,0.0512489233419,0.0498338870432,0.0202150537634,0.0115532734275,0.013698630137,0.0902866923406,0.000427899015832,0.218228498074,0.028421512899,0.00599058622165,0.0154639175258,0.017551369863,0.375540190147,0.0141388174807,0.00299914310197,0.0,0.646529562982,0.0132876125161,0.0,0.0423982869379,0.0552699228792,0.00471293916024,0.0325481798715,0.0111396743787,0.000857265323618,0.0638936535163,0.219480519481,0.00523560209424,0.00443131462334,0.278093883357,0.0176056338028,0.239363987967,0.0227175310759,0.00942991855979,0.000857632933105,0.308154506438,0.034793814433,0.0,0.0429553264605,0.0283505154639,0.00214776632302,0.225085910653,0.0399484536082,0.0116279069767,0.025376344086,0.00214961306965,0.047311827957,0.040522875817,0.042328042328,0.0139799038882,0.062380952381,0.0351485148515,0.0119893428064,0.031031031031,0.0115511551155,0.0547667342799,0.0901831845937,0.00392541707556,0.0717444717445,0.0380062305296,0.018018018018,0.177697189483,0.0251303935514,0.0284495021337,0.114746325273,0.0218112849692,0.0123839009288,0.046875,0.00217202432667,0.0104302477184,0.0534482758621,0.0282485875706,0.0189982728843,0.0324134910206,0.0562172463078,0.270021645022,0.00961978928081,0.0353143841516,0.151097718467,0.00602668962548,0.00172191132157,0.0490956072351,0.0353143841516,0.000430663221361,0.000430848772081,0.0241275312365,0.0262817750969,0.0822921154675,0.014224137931,0.0327868852459,0.117926565875,0.0112107623318,0.0302877334679,0.0635651773376,0.0177902621723,0.0794507111329,0.0253353204173,0.0211122554068,0.0136770120989,0.0533411488863,0.0747028862479
-,0.624467178176,0.6031543052,0.560954816709,0.523870417732,0.432225063939,0.22378516624,0.179028132992,0.159420289855,0.0451832907076,0.0443307757886,0.0426257459506,0.0426257459506,0.0302642796249,0.0289855072464,0.0285592497869,0.0285592497869,0.0294117647059,0.0298380221654,0.0260017050298,0.0302642796249,0.0502983802217,0.0818414322251,0.116368286445,0.0711849957374,0.0677749360614,0.0703324808184,0.0814151747656,0.346547314578,0.464194373402,0.631287297528,0.804347826087,0.742114236999,0.679454390452,0.679454390452,0.700341005968,0.691389599318,0.352514919011,0.318414322251,0.236572890026,0.24978687127,0.141943734015,0.0673486786019,0.0562659846547,0.0332480818414,0.0153452685422,0.0153452685422,0.0123614663257,0.0123614663257,0.00937766410912,0.00980392156863,0.00980392156863,0.00937766410912,0.00937766410912,0.00895140664962,0.00980392156863,0.00937766410912,0.074168797954,0.743819266837,0.0609548167093,0.0843989769821,0.00809889173061,0.00809889173061,0.0076726342711,0.00724637681159,0.00724637681159,0.00724637681159,0.00724637681159,0.0076726342711,0.00980392156863,0.101875532822,0.0157715260017,0.0247229326513,0.0328218243819,0.0797101449275,0.917306052856,0.555413469736,0.205882352941,0.210144927536,0.124040920716,0.240409207161,0.403239556692,0.3789428815,0.265132139812,0.193520886616,0.18968456948,0.0498721227621,0.277919863598,0.256606990622,0.133418584825,0.0690537084399,0.216538789429,0.115942028986,0.00639386189258,0.00511508951407,0.00468883205456,0.00426257459506,0.00426257459506,0.00426257459506,0.00468883205456,0.00468883205456,0.00468883205456,0.00426257459506,0.00426257459506,0.00426257459506,0.00426257459506,0.00426257459506,0.00383631713555,0.00341005967604,0.00298380221654,0.00255754475703,0.00298380221654,0.00298380221654,0.00213128729753,0.00213128729753,0.00213128729753,0.00213128729753,0.00213128729753,0.00213128729753,0.00213128729753,0.00255754475703,0.00255754475703,0.00255754475703,0.00213128729753,0.00213128729753,0.00213128729753,0.0285592497869,0.00213128729753,0.00213128729753,0.00213128729753,0.0694799658994,0.18968456948,0.123614663257,0.0204603580563,0.00213128729753,0.00213128729753,0.00255754475703,0.00255754475703,0.00255754475703,0.00255754475703,0.00255754475703,0.00298380221654,0.00298380221654,0.00341005967604,0.00341005967604,0.00383631713555,0.0622335890878,0.0490196078431,0.0618073316283,0.130861040068,0.530690537084,0.494458653026,0.270247229327,0.670929241262,0.762148337596,0.670076726343,0.699062233589,0.0520034100597,0.390878090367,0.0822676896846,0.227621483376,0.49147485081,0.75021312873,0.601875532822,0.443734015345,0.457800511509,0.649616368286,0.512361466326,0.528985507246,0.451832907076,0.40537084399,0.130861040068,0.171355498721,0.183290707587,0.244671781756,0.184143222506,0.425831202046,0.579283887468,0.673486786019,0.333333333333,0.0217391304348,0.00639386189258,0.0102301790281,0.101875532822,0.00895140664962,0.00383631713555,0.00426257459506,0.00383631713555,0.00383631713555,0.00383631713555,0.0251491901108,0.00383631713555,0.917306052856,0.00426257459506,0.0136402387042,0.00511508951407,0.00511508951407,0.00511508951407,0.00511508951407,0.00554134697357,0.00468883205456,0.00468883205456,0.00511508951407,0.00511508951407,0.00468883205456,0.00511508951407,0.00554134697357,0.00596760443308,0.0153452685422,0.26683716965,0.711423699915,0.400682011935,0.0315430520034,0.00809889173061,0.00554134697357,0.00554134697357,0.00596760443308,0.00682011935209,0.0076726342711,0.00724637681159,0.0076726342711,0.0076726342711,0.0076726342711,0.0076726342711,0.0076726342711,0.0102301790281,0.00895140664962,0.00852514919011,0.00895140664962,0.0217391304348,0.919437340153,0.0242966751918,0.104859335038,0.138959931799,0.0400682011935,0.148337595908,0.74168797954,0.159420289855,0.0924978687127,0.131287297528,0.132566069906,0.315856777494,0.101023017903,0.0596760443308,0.101023017903,0.101023017903,0.101023017903,0.101023017903,0.036231884058,0.0179028132992,0.0187553282182,0.0191815856777,0.0110826939471,0.0191815856777,0.0127877237852,0.0268542199488,0.105285592498,0.212276214834,0.0694799658994,0.0102301790281,0.00980392156863,0.00980392156863,0.00980392156863,0.0102301790281,0.0102301790281,0.0102301790281,0.0106564364876,0.0106564364876,0.0106564364876,0.0106564364876,0.0110826939471,0.0119352088662,0.0132139812447,0.619778346121,0.15558397272,0.0745950554135,0.0895140664962,0.130861040068,0.141943734015,0.17220801364,0.18968456948,0.272804774084,0.748934356351
other,0.0,0.0,0.0,0.0,0.0,0.0,0.0,0.0,0.0,0.0,0.0,0.0,0.0,0.0,0.0,0.0,0.0,0.0,0.0,0.0,0.0,0.0,0.0,0.0,0.0,0.0,0.0,0.0,0.0,0.0,0.0,0.0,0.0,0.0,0.0,0.0,0.0,0.0,0.0,0.0,0.000426257459506,0.0,0.0,0.0,0.0,0.0,0.0,0.000426257459506,0.0,0.0,0.0,0.0,0.0,0.0,0.0,0.0,0.0,0.0,0.0,0.0,0.0,0.0,0.0,0.0,0.0,0.0,0.0,0.0,0.0,0.0,0.0,0.0,0.0,0.0,0.0,0.0,0.0,0.000426257459506,0.0,0.0,0.0,0.0,0.0,0.0,0.0,0.0,0.0,0.0,0.0,0.0,0.0,0.0,0.0,0.0,0.0,0.0,0.0,0.0,0.0,0.0,0.0,0.0,0.0,0.0,0.0,0.0,0.0,0.0,0.0,0.0,0.0,0.0,0.0,0.0,0.0,0.0,0.0,0.0,0.0,0.0,0.0,0.0,0.000426257459506,0.000426257459506,0.0,0.0,0.0,0.0,0.0,0.0,0.0,0.0,0.0,0.0,0.0,0.0,0.0,0.0,0.0,0.0,0.0,0.0,0.0,0.0,0.0,0.0,0.0,0.0,0.0,0.0,0.0,0.0,0.0,0.0,0.0,0.0,0.0,0.0,0.000426257459506,0.0,0.0,0.0,0.0,0.000426257459506,0.0,0.0,0.0,0.0,0.0,0.0,0.0,0.0,0.0,0.0,0.000426257459506,0.0,0.0,0.0,0.0,0.0,0.0,0.0,0.0,0.0,0.0,0.0,0.0,0.0,0.0,0.0,0.0,0.0,0.0,0.0,0.0,0.0,0.0,0.0,0.0,0.0,0.0,0.0,0.0,0.0,0.0,0.0,0.0,0.0,0.000426257459506,0.0,0.0,0.0,0.0,0.0,0.0,0.0,0.0,0.0,0.0,0.0,0.0,0.0,0.0,0.0,0.0,0.0,0.0,0.0,0.0,0.0,0.0,0.0,0.0,0.0,0.0,0.0,0.0,0.0,0.0,0.0,0.0,0.0,0.0,0.0,0.0,0.0,0.0,0.0,0.0,0.0,0.0,0.0,0.0,0.0,0.0,0.0,0.0,0.0,0.0,0.0,0.0,0.0,0.0,0.0,0.0,0.0,0.0,0.0,0.0,0.0,0.0,0.0,0.0,0.0,0.0,0.0,0.0,0.0,0.0,0.0,0.0,0.0
